word,bound,flag,label,radical,pinyin
基,B,n,O,土,jī
础,E,n,O,石,chǔ
研,B,vn,O,石,yán
究,E,vn,O,穴,jiū
LB,S,x,O,UNK,UNK
基,B,n,O,土,jī
金,M,n,O,金,jīn
项,M,n,O,页,xiàng
目,E,n,O,目,mù
:,S,x,O,UNK,UNK
国,B,nt,O,囗,guó
家,M,nt,O,宀,jiā
自,M,nt,O,自,zì
然,M,nt,O,灬,rán
科,M,nt,O,禾,kē
学,M,nt,O,子,xué
基,M,nt,O,土,jī
金,E,nt,O,金,jīn
项,B,n,O,页,xiàng
目,E,n,O,目,mù
(,S,x,O,UNK,UNK
NUM,B,m,O,UNK,UNK
NUM,M,m,O,UNK,UNK
NUM,M,m,O,UNK,UNK
NUM,M,m,O,UNK,UNK
NUM,M,m,O,UNK,UNK
NUM,M,m,O,UNK,UNK
NUM,M,m,O,UNK,UNK
NUM,E,m,O,UNK,UNK
",",S,x,O,UNK,UNK
NUM,B,m,O,UNK,UNK
NUM,M,m,O,UNK,UNK
NUM,M,m,O,UNK,UNK
NUM,M,m,O,UNK,UNK
NUM,M,m,O,UNK,UNK
NUM,M,m,O,UNK,UNK
NUM,M,m,O,UNK,UNK
NUM,E,m,O,UNK,UNK
),S,x,O,UNK,UNK
LB,S,x,O,UNK,UNK
蒋,B,nr,O,艹,jiǎng
先,E,nr,O,儿,xiān
淑,S,n,O,氵,shū
、,S,x,O,UNK,UNK
瞿,B,nrfg,O,目,qú
文,M,nrfg,O,文,wén
娟,E,nrfg,O,女,juān
、,S,x,O,UNK,UNK
郭,B,nr,O,阝,guō
耘,E,nr,O,耒,yún
菘,S,g,O,艹,sōng
、,S,x,O,UNK,UNK
李,B,nr,O,木,lǐ
志,M,nr,O,心,zhì
勇,E,nr,O,力,yǒng
),S,x,O,UNK,UNK
;,S,x,O,UNK,UNK
sep,sep,sep,sep,sep,sep
重,B,ns,O,里,zhòng
庆,E,ns,O,广,qìng
医,B,n,O,匚,yī
科,M,n,O,禾,kē
大,M,n,O,大,dà
学,E,n,O,子,xué
附,B,b,O,阝,fù
属,E,b,O,尸,shǔ
第,B,m,O,竹,dì
二,E,m,O,二,èr
医,B,n,O,匚,yī
院,E,n,O,阝,yuàn
内,B,n,O,冂,nèi
分,M,n,O,刀,fēn
泌,E,n,O,氵,mì
LB,S,x,O,UNK,UNK
科,S,n,O,禾,kē
(,S,x,O,UNK,UNK
杨,S,nr,O,木,yáng
刚,B,nr,O,刂,gāng
毅,E,nr,O,殳,yì
),S,x,O,UNK,UNK
;,S,x,O,UNK,UNK
sep,sep,sep,sep,sep,sep
重,B,ns,O,里,zhòng
庆,E,ns,O,广,qìng
医,B,n,O,匚,yī
科,M,n,O,禾,kē
大,M,n,O,大,dà
学,E,n,O,子,xué
检,B,vn,O,木,jiǎn
验,E,vn,O,马,yàn
系,S,v,O,糸,xì
临,B,vn,O,丨,lín
床,E,vn,O,广,chuáng
生,B,vn,O,生,shēng
化,E,vn,O,亻,huà
教,B,n,O,攵,jiào
研,M,n,O,石,yán
室,E,n,O,宀,shì
",",S,x,O,UNK,UNK
sep,sep,sep,sep,sep,sep
教,B,n,O,攵,jiào
育,M,n,O,月,yù
部,E,n,O,阝,bù
实,B,vn,O,宀,shí
验,E,vn,O,马,yàn
诊,B,v,O,讠,zhěn
断,E,v,O,斤,duàn
重,S,a,O,里,zhòng
LB,S,x,O,UNK,UNK
点,S,m,O,灬,diǎn
实,B,n,O,宀,shí
验,M,n,O,马,yàn
室,E,n,O,宀,shì
(,S,x,O,UNK,UNK
李,B,nr,O,木,lǐ
伶,E,nr,O,亻,líng
),S,x,O,UNK,UNK
LB,S,x,O,UNK,UNK
锌,B,nz,B-Anatomy,钅,xīn
指,E,nz,I-Anatomy,扌,zhǐ
蛋,B,n,I-Anatomy,虫,dàn
白,E,n,I-Anatomy,白,bái
SPACE,S,x,I-Anatomy,UNK,UNK
NUM,S,x,I-Anatomy,UNK,UNK
SPACE,S,x,O,UNK,UNK
在,S,p,O,土,zài
普,B,nz,O,日,pǔ
通,E,nz,O,辶,tōng
SPACE,S,x,O,UNK,UNK
C,B,eng,O,UNK,UNK
NUM,M,eng,O,UNK,UNK
NUM,M,eng,O,UNK,UNK
B,M,eng,O,UNK,UNK
L,E,eng,O,UNK,UNK
SPACE,S,x,O,UNK,UNK
/,S,x,O,UNK,UNK
SPACE,S,x,O,UNK,UNK
NUM,S,m,O,UNK,UNK
J,S,eng,O,UNK,UNK
SPACE,S,x,O,UNK,UNK
小,B,n,O,小,xiǎo
鼠,E,n,O,鼠,shǔ
组,B,v,O,纟,zǔ
织,E,v,O,纟,zhī
器,B,n,O,口,qì
官,E,n,O,宀,guān
中,S,f,O,丨,zhōng
LB,S,x,O,UNK,UNK
的,S,uj,O,白,dí
表,B,v,O,衣,biǎo
达,E,v,O,辶,dá
差,B,n,O,工,chà
异,E,n,O,廾,yì
及,S,c,O,又,jí
利,B,nr,B-Drug,刂,lì
拉,M,nr,I-Drug,扌,lā
鲁,E,nr,I-Drug,鱼,lǔ
肽,S,ng,I-Drug,月,tài
对,S,p,O,寸,duì
其,S,r,O,八,qí
在,S,p,O,土,zài
SPACE,S,x,O,UNK,UNK
C,B,eng,O,UNK,UNK
NUM,M,eng,O,UNK,UNK
NUM,M,eng,O,UNK,UNK
B,M,eng,O,UNK,UNK
L,E,eng,O,UNK,UNK
SPACE,S,x,O,UNK,UNK
/,S,x,O,UNK,UNK
SPACE,S,x,O,UNK,UNK
NUM,S,m,O,UNK,UNK
J,S,eng,O,UNK,UNK
SPACE,S,x,O,UNK,UNK
和,S,c,O,口,hé
LB,S,x,O,UNK,UNK
d,B,eng,O,UNK,UNK
b,E,eng,O,UNK,UNK
SPACE,S,x,O,UNK,UNK
/,S,x,O,UNK,UNK
SPACE,S,x,O,UNK,UNK
d,B,eng,O,UNK,UNK
b,E,eng,O,UNK,UNK
SPACE,S,x,O,UNK,UNK
小,B,n,O,小,xiǎo
鼠,E,n,O,鼠,shǔ
肝,B,n,B-Anatomy,月,gān
脏,E,n,I-Anatomy,月,zàng
表,B,v,O,衣,biǎo
达,E,v,O,辶,dá
的,S,uj,O,白,dí
影,B,vn,O,彡,yǐng
响,E,vn,O,口,xiǎng
LB,S,x,O,UNK,UNK
潘,S,nr,O,氵,pān
红,B,nr,O,纟,hóng
霞,E,nr,O,雨,xiá
SPACE,S,x,O,UNK,UNK
SPACE,S,x,O,UNK,UNK
蒋,B,nr,O,艹,jiǎng
先,E,nr,O,儿,xiān
淑,S,n,O,氵,shū
SPACE,S,x,O,UNK,UNK
SPACE,S,x,O,UNK,UNK
瞿,B,nrfg,O,目,qú
文,M,nrfg,O,文,wén
娟,E,nrfg,O,女,juān
SPACE,S,x,O,UNK,UNK
SPACE,S,x,O,UNK,UNK
郭,B,nr,O,阝,guō
耘,E,nr,O,耒,yún
菘,S,g,O,艹,sōng
SPACE,S,x,O,UNK,UNK
SPACE,S,x,O,UNK,UNK
杨,S,nr,O,木,yáng
刚,B,nr,O,刂,gāng
毅,E,nr,O,殳,yì
SPACE,S,x,O,UNK,UNK
SPACE,S,x,O,UNK,UNK
李,B,nr,O,木,lǐ
伶,E,nr,O,亻,líng
SPACE,S,x,O,UNK,UNK
SPACE,S,x,O,UNK,UNK
李,B,nr,O,木,lǐ
志,M,nr,O,心,zhì
勇,E,nr,O,力,yǒng
sep,sep,sep,sep,sep,sep
LB,S,x,O,UNK,UNK
[,S,x,O,UNK,UNK
摘,B,v,O,扌,zhāi
要,E,v,O,覀,yào
],S,x,O,UNK,UNK
SPACE,S,x,O,UNK,UNK
SPACE,S,x,O,UNK,UNK
SPACE,S,x,O,UNK,UNK
目,B,n,O,目,mù
的,E,n,O,白,dí
SPACE,S,x,O,UNK,UNK
SPACE,S,x,O,UNK,UNK
观,B,v,O,见,guān
察,E,v,O,宀,chá
小,B,n,O,小,xiǎo
鼠,E,n,O,鼠,shǔ
各,S,r,O,口,gè
组,B,v,O,纟,zǔ
织,E,v,O,纟,zhī
中,S,f,O,丨,zhōng
锌,B,nz,B-Anatomy,钅,xīn
指,E,nz,I-Anatomy,扌,zhǐ
蛋,B,n,I-Anatomy,虫,dàn
白,E,n,I-Anatomy,白,bái
SPACE,S,x,I-Anatomy,UNK,UNK
NUM,S,x,I-Anatomy,UNK,UNK
(,S,x,O,UNK,UNK
z,B,eng,O,UNK,UNK
i,M,eng,O,UNK,UNK
n,M,eng,O,UNK,UNK
c,E,eng,O,UNK,UNK
-,S,x,O,UNK,UNK
f,B,eng,O,UNK,UNK
i,M,eng,O,UNK,UNK
n,M,eng,O,UNK,UNK
g,M,eng,O,UNK,UNK
e,M,eng,O,UNK,UNK
r,E,eng,O,UNK,UNK
SPACE,S,x,O,UNK,UNK
B,B,eng,O,UNK,UNK
E,M,eng,O,UNK,UNK
D,E,eng,O,UNK,UNK
SPACE,S,x,O,UNK,UNK
d,B,eng,O,UNK,UNK
o,M,eng,O,UNK,UNK
m,M,eng,O,UNK,UNK
a,M,eng,O,UNK,UNK
i,M,eng,O,UNK,UNK
n,E,eng,O,UNK,UNK
-,S,x,O,UNK,UNK
c,B,eng,O,UNK,UNK
o,M,eng,O,UNK,UNK
n,M,eng,O,UNK,UNK
t,M,eng,O,UNK,UNK
a,M,eng,O,UNK,UNK
i,M,eng,O,UNK,UNK
n,M,eng,O,UNK,UNK
i,M,eng,O,UNK,UNK
n,M,eng,O,UNK,UNK
g,E,eng,O,UNK,UNK
SPACE,S,x,O,UNK,UNK
NUM,S,x,O,UNK,UNK
",",S,x,O,UNK,UNK
sep,sep,sep,sep,sep,sep
SPACE,S,x,O,UNK,UNK
Z,B,eng,B-Test,UNK,UNK
B,M,eng,I-Test,UNK,UNK
E,M,eng,I-Test,UNK,UNK
D,M,eng,I-Test,UNK,UNK
NUM,E,eng,I-Test,UNK,UNK
),S,x,O,UNK,UNK
的,S,uj,O,白,dí
表,B,v,O,衣,biǎo
达,E,v,O,辶,dá
差,S,a,O,工,chà
LB,S,x,O,UNK,UNK
异,S,vg,O,廾,yì
及,S,c,O,又,jí
利,B,nr,B-Drug,刂,lì
拉,M,nr,I-Drug,扌,lā
鲁,E,nr,I-Drug,鱼,lǔ
肽,S,ng,I-Drug,月,tài
、,S,x,O,UNK,UNK
葡,B,n,B-Drug,艹,pú
萄,M,n,I-Drug,艹,táo
糖,E,n,I-Drug,米,táng
和,S,c,O,口,hé
胰,B,n,B-Drug,月,yí
岛,M,n,I-Drug,山,dǎo
素,E,n,I-Drug,糸,sù
刺,B,v,O,刂,cì
激,E,v,O,氵,jī
对,S,p,O,寸,duì
SPACE,S,x,O,UNK,UNK
C,B,eng,O,UNK,UNK
NUM,M,eng,O,UNK,UNK
NUM,M,eng,O,UNK,UNK
B,M,eng,O,UNK,UNK
L,E,eng,O,UNK,UNK
SPACE,S,x,O,UNK,UNK
/,S,x,O,UNK,UNK
SPACE,S,x,O,UNK,UNK
NUM,S,m,O,UNK,UNK
J,S,eng,O,UNK,UNK
SPACE,S,x,O,UNK,UNK
和,S,c,O,口,hé
SPACE,S,x,O,UNK,UNK
d,B,eng,O,UNK,UNK
b,E,eng,O,UNK,UNK
SPACE,S,x,O,UNK,UNK
/,S,x,O,UNK,UNK
SPACE,S,x,O,UNK,UNK
d,B,eng,O,UNK,UNK
b,E,eng,O,UNK,UNK
SPACE,S,x,O,UNK,UNK
小,B,n,O,小,xiǎo
鼠,E,n,O,鼠,shǔ
肝,B,n,B-Anatomy,月,gān
脏,E,n,I-Anatomy,月,zàng
SPACE,S,x,O,UNK,UNK
Z,B,eng,B-Test,UNK,UNK
B,M,eng,I-Test,UNK,UNK
E,M,eng,I-Test,UNK,UNK
D,M,eng,I-Test,UNK,UNK
NUM,E,eng,I-Test,UNK,UNK
SPACE,S,x,O,UNK,UNK
表,B,v,O,衣,biǎo
达,E,v,O,辶,dá
的,S,uj,O,白,dí
影,B,vn,O,彡,yǐng
响,E,vn,O,口,xiǎng
。,S,x,O,UNK,UNK
sep,sep,sep,sep,sep,sep
SPACE,S,x,O,UNK,UNK
方,B,n,O,方,fāng
法,E,n,O,氵,fǎ
SPACE,S,x,O,UNK,UNK
实,B,d,O,宀,shí
时,E,d,O,日,shí
定,B,n,O,宀,dìng
量,E,n,O,里,liáng
LB,S,x,O,UNK,UNK
P,B,eng,B-Test,UNK,UNK
C,M,eng,I-Test,UNK,UNK
R,E,eng,I-Test,UNK,UNK
SPACE,S,x,O,UNK,UNK
法,S,j,O,氵,fǎ
比,B,d,O,比,bǐ
较,E,d,O,车,jiào
SPACE,S,x,O,UNK,UNK
C,B,eng,O,UNK,UNK
NUM,M,eng,O,UNK,UNK
NUM,M,eng,O,UNK,UNK
B,M,eng,O,UNK,UNK
L,E,eng,O,UNK,UNK
SPACE,S,x,O,UNK,UNK
/,S,x,O,UNK,UNK
SPACE,S,x,O,UNK,UNK
NUM,S,m,O,UNK,UNK
J,S,eng,O,UNK,UNK
SPACE,S,x,O,UNK,UNK
小,B,n,O,小,xiǎo
鼠,E,n,O,鼠,shǔ
各,S,r,O,口,gè
组,B,v,O,纟,zǔ
织,E,v,O,纟,zhī
中,S,f,O,丨,zhōng
SPACE,S,x,O,UNK,UNK
Z,B,eng,B-Test,UNK,UNK
B,M,eng,I-Test,UNK,UNK
E,M,eng,I-Test,UNK,UNK
D,M,eng,I-Test,UNK,UNK
NUM,E,eng,I-Test,UNK,UNK
SPACE,S,x,O,UNK,UNK
m,B,eng,O,UNK,UNK
R,M,eng,O,UNK,UNK
N,M,eng,O,UNK,UNK
A,E,eng,O,UNK,UNK
SPACE,S,x,O,UNK,UNK
表,B,v,O,衣,biǎo
达,E,v,O,辶,dá
差,B,n,O,工,chà
异,E,n,O,廾,yì
",",S,x,O,UNK,UNK
sep,sep,sep,sep,sep,sep
W,B,eng,O,UNK,UNK
e,M,eng,O,UNK,UNK
s,M,eng,O,UNK,UNK
t,M,eng,O,UNK,UNK
e,M,eng,O,UNK,UNK
r,M,eng,O,UNK,UNK
n,E,eng,O,UNK,UNK
SPACE,S,x,O,UNK,UNK
印,B,n,O,卩,yìn
迹,E,n,O,辶,jì
检,B,vn,O,木,jiǎn
测,E,vn,O,氵,cè
SPACE,S,x,O,UNK,UNK
Z,B,eng,B-Test,UNK,UNK
B,M,eng,I-Test,UNK,UNK
E,M,eng,I-Test,UNK,UNK
D,M,eng,I-Test,UNK,UNK
NUM,E,eng,I-Test,UNK,UNK
SPACE,S,x,O,UNK,UNK
在,S,p,O,土,zài
SPACE,S,x,O,UNK,UNK
C,B,eng,O,UNK,UNK
NUM,M,eng,O,UNK,UNK
NUM,M,eng,O,UNK,UNK
B,M,eng,O,UNK,UNK
L,E,eng,O,UNK,UNK
SPACE,S,x,O,UNK,UNK
/,S,x,O,UNK,UNK
SPACE,S,x,O,UNK,UNK
NUM,S,m,O,UNK,UNK
J,S,eng,O,UNK,UNK
SPACE,S,x,O,UNK,UNK
和,S,c,O,口,hé
LB,S,x,O,UNK,UNK
d,B,eng,O,UNK,UNK
b,E,eng,O,UNK,UNK
SPACE,S,x,O,UNK,UNK
/,S,x,O,UNK,UNK
SPACE,S,x,O,UNK,UNK
d,B,eng,O,UNK,UNK
b,E,eng,O,UNK,UNK
SPACE,S,x,O,UNK,UNK
小,B,n,O,小,xiǎo
鼠,E,n,O,鼠,shǔ
肝,B,n,B-Anatomy,月,gān
脏,E,n,I-Anatomy,月,zàng
的,S,uj,O,白,dí
蛋,B,n,O,虫,dàn
白,E,n,O,白,bái
表,B,v,O,衣,biǎo
达,E,v,O,辶,dá
差,B,n,O,工,chà
异,E,n,O,廾,yì
及,S,c,O,又,jí
观,B,v,O,见,guān
察,E,v,O,宀,chá
不,B,a,O,一,bù
同,E,a,O,口,tóng
浓,B,n,O,氵,nóng
度,E,n,O,广,dù
利,B,nr,B-Drug,刂,lì
拉,M,nr,I-Drug,扌,lā
鲁,E,nr,I-Drug,鱼,lǔ
肽,S,ng,I-Drug,月,tài
、,S,x,O,UNK,UNK
葡,B,n,B-Drug,艹,pú
萄,M,n,I-Drug,艹,táo
糖,E,n,I-Drug,米,táng
、,S,x,O,UNK,UNK
胰,B,n,B-Drug,月,yí
岛,M,n,I-Drug,山,dǎo
素,E,n,I-Drug,糸,sù
对,S,p,O,寸,duì
SPACE,S,x,O,UNK,UNK
C,B,eng,O,UNK,UNK
NUM,M,eng,O,UNK,UNK
NUM,M,eng,O,UNK,UNK
B,M,eng,O,UNK,UNK
L,E,eng,O,UNK,UNK
SPACE,S,x,O,UNK,UNK
/,S,x,O,UNK,UNK
SPACE,S,x,O,UNK,UNK
NUM,S,m,O,UNK,UNK
J,S,eng,O,UNK,UNK
SPACE,S,x,O,UNK,UNK
和,S,c,O,口,hé
SPACE,S,x,O,UNK,UNK
d,B,eng,O,UNK,UNK
b,E,eng,O,UNK,UNK
SPACE,S,x,O,UNK,UNK
/,S,x,O,UNK,UNK
SPACE,S,x,O,UNK,UNK
d,B,eng,O,UNK,UNK
b,E,eng,O,UNK,UNK
SPACE,S,x,O,UNK,UNK
小,B,n,O,小,xiǎo
鼠,E,n,O,鼠,shǔ
肝,B,n,B-Anatomy,月,gān
脏,E,n,I-Anatomy,月,zàng
LB,S,x,O,UNK,UNK
Z,B,eng,B-Test,UNK,UNK
B,M,eng,I-Test,UNK,UNK
E,M,eng,I-Test,UNK,UNK
D,M,eng,I-Test,UNK,UNK
NUM,E,eng,I-Test,UNK,UNK
SPACE,S,x,O,UNK,UNK
表,B,v,O,衣,biǎo
达,E,v,O,辶,dá
的,S,uj,O,白,dí
影,B,vn,O,彡,yǐng
响,E,vn,O,口,xiǎng
。,S,x,O,UNK,UNK
sep,sep,sep,sep,sep,sep
SPACE,S,x,O,UNK,UNK
结,B,n,O,纟,jié
果,E,n,O,木,guǒ
SPACE,S,x,O,UNK,UNK
小,B,n,O,小,xiǎo
鼠,E,n,O,鼠,shǔ
肌,B,n,B-Anatomy,月,jī
肉,E,n,I-Anatomy,肉,ròu
、,S,x,O,UNK,UNK
脾,B,n,B-Anatomy,月,pí
脏,E,n,I-Anatomy,月,zàng
、,S,x,O,UNK,UNK
肾,B,n,B-Anatomy,月,shèn
脏,E,n,I-Anatomy,月,zàng
、,S,x,O,UNK,UNK
脑,S,n,B-Anatomy,月,nǎo
、,S,x,O,UNK,UNK
脂,B,n,B-Anatomy,月,zhī
肪,E,n,I-Anatomy,月,fáng
、,S,x,O,UNK,UNK
心,B,n,B-Anatomy,心,xīn
脏,E,n,I-Anatomy,月,zàng
、,S,x,O,UNK,UNK
肺,S,n,B-Anatomy,月,fèi
、,S,x,O,UNK,UNK
肝,B,n,B-Anatomy,月,gān
脏,E,n,I-Anatomy,月,zàng
均,S,d,O,土,jūn
有,S,v,O,月,yǒu
SPACE,S,x,O,UNK,UNK
Z,B,eng,B-Test,UNK,UNK
B,M,eng,I-Test,UNK,UNK
E,M,eng,I-Test,UNK,UNK
D,M,eng,I-Test,UNK,UNK
NUM,E,eng,I-Test,UNK,UNK
SPACE,S,x,O,UNK,UNK
m,B,eng,O,UNK,UNK
R,M,eng,O,UNK,UNK
N,M,eng,O,UNK,UNK
A,E,eng,O,UNK,UNK
SPACE,S,x,O,UNK,UNK
表,B,v,O,衣,biǎo
达,E,v,O,辶,dá
",",S,x,O,UNK,UNK
sep,sep,sep,sep,sep,sep
其,B,r,O,八,qí
中,E,r,O,丨,zhōng
肌,S,n,B-Anatomy,月,jī
LB,S,x,I-Anatomy,UNK,UNK
肉,S,n,I-Anatomy,肉,ròu
表,B,v,O,衣,biǎo
达,E,v,O,辶,dá
最,B,a,O,曰,zuì
高,E,a,O,高,gāo
。,S,x,O,UNK,UNK
sep,sep,sep,sep,sep,sep
SPACE,S,x,O,UNK,UNK
与,S,p,O,一,yǔ
SPACE,S,x,O,UNK,UNK
C,B,eng,O,UNK,UNK
NUM,M,eng,O,UNK,UNK
NUM,M,eng,O,UNK,UNK
B,M,eng,O,UNK,UNK
L,E,eng,O,UNK,UNK
SPACE,S,x,O,UNK,UNK
/,S,x,O,UNK,UNK
SPACE,S,x,O,UNK,UNK
NUM,S,m,O,UNK,UNK
J,S,eng,O,UNK,UNK
SPACE,S,x,O,UNK,UNK
小,B,n,O,小,xiǎo
鼠,E,n,O,鼠,shǔ
相,B,v,O,目,xiāng
比,E,v,O,比,bǐ
",",S,x,O,UNK,UNK
sep,sep,sep,sep,sep,sep
d,B,eng,O,UNK,UNK
b,E,eng,O,UNK,UNK
SPACE,S,x,O,UNK,UNK
/,S,x,O,UNK,UNK
SPACE,S,x,O,UNK,UNK
d,B,eng,O,UNK,UNK
b,E,eng,O,UNK,UNK
SPACE,S,x,O,UNK,UNK
小,B,n,O,小,xiǎo
鼠,E,n,O,鼠,shǔ
肝,B,n,B-Anatomy,月,gān
脏,E,n,I-Anatomy,月,zàng
SPACE,S,x,O,UNK,UNK
Z,B,eng,B-Test,UNK,UNK
B,M,eng,I-Test,UNK,UNK
E,M,eng,I-Test,UNK,UNK
D,M,eng,I-Test,UNK,UNK
NUM,E,eng,I-Test,UNK,UNK
SPACE,S,x,O,UNK,UNK
蛋,B,n,O,虫,dàn
白,E,n,O,白,bái
表,B,v,O,衣,biǎo
达,E,v,O,辶,dá
显,B,a,B-Test_Value,日,xiǎn
著,E,a,I-Test_Value,艹,zhù
升,B,v,I-Test_Value,十,shēng
高,E,v,I-Test_Value,高,gāo
(,S,x,O,UNK,UNK
P,S,x,O,UNK,UNK
<,S,x,O,UNK,UNK
NUM,B,m,O,UNK,UNK
.,E,m,O,UNK,UNK
SPACE,S,x,O,UNK,UNK
NUM,B,m,O,UNK,UNK
NUM,E,m,O,UNK,UNK
),S,x,O,UNK,UNK
。,S,x,O,UNK,UNK
sep,sep,sep,sep,sep,sep
SPACE,S,x,O,UNK,UNK
高,B,n,O,高,gāo
浓,M,n,O,氵,nóng
度,E,n,O,广,dù
利,B,nr,B-Drug,刂,lì
拉,E,nr,I-Drug,扌,lā
LB,S,x,I-Drug,UNK,UNK
鲁,S,n,I-Drug,鱼,lǔ
肽,S,ng,I-Drug,月,tài
、,S,x,O,UNK,UNK
葡,B,n,B-Drug,艹,pú
萄,M,n,I-Drug,艹,táo
糖,E,n,I-Drug,米,táng
、,S,x,O,UNK,UNK
胰,B,n,B-Drug,月,yí
岛,M,n,I-Drug,山,dǎo
素,E,n,I-Drug,糸,sù
均,S,d,O,土,jūn
能,B,v,O,月,néng
够,E,v,O,夕,gòu
显,B,a,O,日,xiǎn
著,E,a,O,艹,zhù
增,B,v,O,土,zēng
加,E,v,O,力,jiā
SPACE,S,x,O,UNK,UNK
d,B,eng,O,UNK,UNK
b,E,eng,O,UNK,UNK
SPACE,S,x,O,UNK,UNK
/,S,x,O,UNK,UNK
SPACE,S,x,O,UNK,UNK
d,B,eng,O,UNK,UNK
b,E,eng,O,UNK,UNK
SPACE,S,x,O,UNK,UNK
小,B,n,O,小,xiǎo
鼠,E,n,O,鼠,shǔ
肝,B,n,B-Anatomy,月,gān
脏,E,n,I-Anatomy,月,zàng
SPACE,S,x,O,UNK,UNK
Z,B,eng,B-Test,UNK,UNK
B,M,eng,I-Test,UNK,UNK
E,M,eng,I-Test,UNK,UNK
D,M,eng,I-Test,UNK,UNK
NUM,E,eng,I-Test,UNK,UNK
SPACE,S,x,O,UNK,UNK
蛋,B,n,O,虫,dàn
白,E,n,O,白,bái
表,B,v,O,衣,biǎo
达,E,v,O,辶,dá
(,S,x,O,UNK,UNK
P,S,x,O,UNK,UNK
<,S,x,O,UNK,UNK
NUM,B,m,O,UNK,UNK
.,E,m,O,UNK,UNK
SPACE,S,x,O,UNK,UNK
NUM,B,m,O,UNK,UNK
NUM,E,m,O,UNK,UNK
),S,x,O,UNK,UNK
;,S,x,O,UNK,UNK
sep,sep,sep,sep,sep,sep
其,B,r,O,八,qí
次,E,r,O,欠,cì
",",S,x,O,UNK,UNK
高,B,n,O,高,gāo
浓,M,n,O,氵,nóng
度,E,n,O,广,dù
葡,B,n,O,艹,pú
萄,M,n,O,艹,táo
糖,E,n,O,米,táng
能,S,v,O,月,néng
LB,S,x,O,UNK,UNK
明,B,nr,O,日,míng
显,M,nr,O,日,xiǎn
增,M,nr,O,土,zēng
加,E,nr,O,力,jiā
SPACE,S,x,O,UNK,UNK
C,B,eng,O,UNK,UNK
NUM,M,eng,O,UNK,UNK
NUM,M,eng,O,UNK,UNK
B,M,eng,O,UNK,UNK
L,E,eng,O,UNK,UNK
SPACE,S,x,O,UNK,UNK
/,S,x,O,UNK,UNK
SPACE,S,x,O,UNK,UNK
NUM,S,m,O,UNK,UNK
J,S,eng,O,UNK,UNK
SPACE,S,x,O,UNK,UNK
小,B,n,O,小,xiǎo
鼠,E,n,O,鼠,shǔ
肝,B,n,B-Anatomy,月,gān
脏,E,n,I-Anatomy,月,zàng
SPACE,S,x,O,UNK,UNK
Z,B,eng,B-Test,UNK,UNK
B,M,eng,I-Test,UNK,UNK
E,M,eng,I-Test,UNK,UNK
D,M,eng,I-Test,UNK,UNK
NUM,E,eng,I-Test,UNK,UNK
SPACE,S,x,O,UNK,UNK
表,B,v,O,衣,biǎo
达,E,v,O,辶,dá
(,S,x,O,UNK,UNK
P,S,x,O,UNK,UNK
<,S,x,O,UNK,UNK
NUM,B,m,O,UNK,UNK
.,E,m,O,UNK,UNK
SPACE,S,x,O,UNK,UNK
NUM,B,m,O,UNK,UNK
NUM,E,m,O,UNK,UNK
),S,x,O,UNK,UNK
",",S,x,O,UNK,UNK
sep,sep,sep,sep,sep,sep
而,S,c,O,而,ér
高,B,n,O,高,gāo
浓,M,n,O,氵,nóng
度,E,n,O,广,dù
利,B,nr,B-Drug,刂,lì
拉,M,nr,I-Drug,扌,lā
鲁,E,nr,I-Drug,鱼,lǔ
肽,S,ng,I-Drug,月,tài
、,S,x,O,UNK,UNK
胰,B,n,B-Drug,月,yí
岛,M,n,I-Drug,山,dǎo
素,E,n,I-Drug,糸,sù
对,S,p,O,寸,duì
SPACE,S,x,O,UNK,UNK
C,B,eng,O,UNK,UNK
NUM,M,eng,O,UNK,UNK
NUM,M,eng,O,UNK,UNK
B,M,eng,O,UNK,UNK
L,E,eng,O,UNK,UNK
SPACE,S,x,O,UNK,UNK
/,S,x,O,UNK,UNK
SPACE,S,x,O,UNK,UNK
NUM,S,m,O,UNK,UNK
J,S,eng,O,UNK,UNK
SPACE,S,x,O,UNK,UNK
小,B,n,O,小,xiǎo
鼠,E,n,O,鼠,shǔ
肝,B,n,B-Anatomy,月,gān
脏,E,n,I-Anatomy,月,zàng
LB,S,x,O,UNK,UNK
Z,B,eng,B-Test,UNK,UNK
E,M,eng,I-Test,UNK,UNK
B,M,eng,I-Test,UNK,UNK
D,M,eng,I-Test,UNK,UNK
NUM,E,eng,I-Test,UNK,UNK
SPACE,S,x,O,UNK,UNK
表,B,v,O,衣,biǎo
达,E,v,O,辶,dá
无,S,v,O,一,wú
明,B,a,O,日,míng
显,E,a,O,日,xiǎn
影,B,vn,O,彡,yǐng
响,E,vn,O,口,xiǎng
。,S,x,O,UNK,UNK
sep,sep,sep,sep,sep,sep
SPACE,S,x,O,UNK,UNK
结,B,n,O,纟,jié
论,E,n,O,讠,lùn
SPACE,S,x,O,UNK,UNK
Z,B,eng,B-Anatomy,UNK,UNK
B,M,eng,I-Anatomy,UNK,UNK
E,M,eng,I-Anatomy,UNK,UNK
D,M,eng,I-Anatomy,UNK,UNK
NUM,E,eng,I-Anatomy,UNK,UNK
SPACE,S,x,O,UNK,UNK
可,B,v,O,口,kě
能,E,v,O,月,néng
作,B,v,O,亻,zuò
为,E,v,O,丶,wéi
一,B,m,O,一,yī
种,E,m,O,禾,zhǒng
新,S,a,O,斤,xīn
因,B,n,O,囗,yīn
子,E,n,O,子,zǐ
参,B,v,O,厶,cān
与,E,v,O,一,yǔ
糖,S,zg,O,米,táng
代,B,v,O,亻,dài
谢,E,v,O,讠,xiè
",",S,x,O,UNK,UNK
sep,sep,sep,sep,sep,sep
且,B,ns,O,一,qiě
利,M,ns,B-Drug,刂,lì
拉,M,ns,I-Drug,扌,lā
鲁,E,ns,I-Drug,鱼,lǔ
肽,S,ng,I-Drug,月,tài
、,S,x,O,UNK,UNK
葡,B,n,B-Drug,艹,pú
萄,M,n,I-Drug,艹,táo
糖,E,n,I-Drug,米,táng
及,S,c,O,又,jí
胰,B,n,B-Drug,月,yí
岛,M,n,I-Drug,山,dǎo
素,E,n,I-Drug,糸,sù
均,S,d,O,土,jūn
LB,S,x,O,UNK,UNK
能,B,v,O,月,néng
够,E,v,O,夕,gòu
调,B,vn,O,讠,tiáo
节,E,vn,O,艹,jié
SPACE,S,x,O,UNK,UNK
d,B,eng,O,UNK,UNK
b,E,eng,O,UNK,UNK
SPACE,S,x,O,UNK,UNK
/,S,x,O,UNK,UNK
SPACE,S,x,O,UNK,UNK
d,B,eng,O,UNK,UNK
b,E,eng,O,UNK,UNK
SPACE,S,x,O,UNK,UNK
小,B,n,O,小,xiǎo
鼠,E,n,O,鼠,shǔ
肝,B,n,B-Anatomy,月,gān
脏,E,n,I-Anatomy,月,zàng
SPACE,S,x,O,UNK,UNK
Z,B,eng,B-Test,UNK,UNK
B,M,eng,I-Test,UNK,UNK
E,M,eng,I-Test,UNK,UNK
D,M,eng,I-Test,UNK,UNK
NUM,E,eng,I-Test,UNK,UNK
SPACE,S,x,O,UNK,UNK
的,S,uj,O,白,dí
表,B,v,O,衣,biǎo
达,E,v,O,辶,dá
",",S,x,O,UNK,UNK
sep,sep,sep,sep,sep,sep
因,B,c,O,囗,yīn
此,E,c,O,止,cǐ
",",S,x,O,UNK,UNK
本,S,r,O,木,běn
研,B,vn,O,石,yán
究,E,vn,O,穴,jiū
推,B,v,O,扌,tuī
测,E,v,O,氵,cè
SPACE,S,x,O,UNK,UNK
Z,B,eng,B-Test,UNK,UNK
B,M,eng,I-Test,UNK,UNK
E,M,eng,I-Test,UNK,UNK
D,M,eng,I-Test,UNK,UNK
NUM,E,eng,I-Test,UNK,UNK
SPACE,S,x,O,UNK,UNK
可,B,v,O,口,kě
能,E,v,O,月,néng
在,S,p,O,土,zài
机,B,n,O,木,jī
体,E,n,O,亻,tǐ
糖,S,zg,O,米,táng
代,B,v,O,亻,dài
谢,E,v,O,讠,xiè
中,S,f,O,丨,zhōng
发,B,v,O,又,fā
挥,E,v,O,扌,huī
着,S,uz,O,目,zhuó
重,B,a,O,里,zhòng
要,E,a,O,覀,yào
的,S,uj,O,白,dí
作,S,n,O,亻,zuò
LB,S,x,O,UNK,UNK
用,S,p,O,用,yòng
。,S,x,O,UNK,UNK
sep,sep,sep,sep,sep,sep
LB,S,x,O,UNK,UNK
[,S,x,O,UNK,UNK
关,B,n,O,丷,guān
键,M,n,O,钅,jiàn
词,E,n,O,讠,cí
],S,x,O,UNK,UNK
SPACE,S,x,O,UNK,UNK
SPACE,S,x,O,UNK,UNK
SPACE,S,x,O,UNK,UNK
锌,B,nz,O,钅,xīn
指,E,nz,O,扌,zhǐ
蛋,B,n,O,虫,dàn
白,E,n,O,白,bái
SPACE,S,x,O,UNK,UNK
NUM,S,x,O,UNK,UNK
;,S,x,O,UNK,UNK
sep,sep,sep,sep,sep,sep
SPACE,S,x,O,UNK,UNK
葡,B,n,O,艹,pú
萄,M,n,O,艹,táo
糖,E,n,O,米,táng
;,S,x,O,UNK,UNK
SPACE,S,x,O,UNK,UNK
胰,B,n,O,月,yí
岛,M,n,O,山,dǎo
素,E,n,O,糸,sù
;,S,x,O,UNK,UNK
sep,sep,sep,sep,sep,sep
SPACE,S,x,O,UNK,UNK
利,B,nr,B-Drug,刂,lì
拉,M,nr,I-Drug,扌,lā
鲁,E,nr,I-Drug,鱼,lǔ
肽,S,ng,I-Drug,月,tài
LB,S,x,O,UNK,UNK
Z,B,eng,O,UNK,UNK
i,M,eng,O,UNK,UNK
n,M,eng,O,UNK,UNK
c,E,eng,O,UNK,UNK
-,S,x,O,UNK,UNK
f,B,eng,O,UNK,UNK
i,M,eng,O,UNK,UNK
n,M,eng,O,UNK,UNK
g,M,eng,O,UNK,UNK
e,M,eng,O,UNK,UNK
r,E,eng,O,UNK,UNK
SPACE,S,x,O,UNK,UNK
B,B,eng,O,UNK,UNK
E,M,eng,O,UNK,UNK
D,E,eng,O,UNK,UNK
SPACE,S,x,O,UNK,UNK
d,B,eng,O,UNK,UNK
o,M,eng,O,UNK,UNK
m,M,eng,O,UNK,UNK
a,M,eng,O,UNK,UNK
i,M,eng,O,UNK,UNK
n,E,eng,O,UNK,UNK
-,S,x,O,UNK,UNK
c,B,eng,O,UNK,UNK
o,M,eng,O,UNK,UNK
n,M,eng,O,UNK,UNK
t,M,eng,O,UNK,UNK
a,M,eng,O,UNK,UNK
i,M,eng,O,UNK,UNK
n,M,eng,O,UNK,UNK
i,M,eng,O,UNK,UNK
n,M,eng,O,UNK,UNK
g,E,eng,O,UNK,UNK
SPACE,S,x,O,UNK,UNK
NUM,S,x,O,UNK,UNK
SPACE,S,x,O,UNK,UNK
e,B,eng,O,UNK,UNK
x,M,eng,O,UNK,UNK
p,M,eng,O,UNK,UNK
r,M,eng,O,UNK,UNK
e,M,eng,O,UNK,UNK
s,M,eng,O,UNK,UNK
s,M,eng,O,UNK,UNK
i,M,eng,O,UNK,UNK
o,M,eng,O,UNK,UNK
n,E,eng,O,UNK,UNK
SPACE,S,x,O,UNK,UNK
i,B,eng,O,UNK,UNK
n,E,eng,O,UNK,UNK
SPACE,S,x,O,UNK,UNK
t,B,eng,O,UNK,UNK
i,M,eng,O,UNK,UNK
s,M,eng,O,UNK,UNK
s,M,eng,O,UNK,UNK
u,M,eng,O,UNK,UNK
e,M,eng,O,UNK,UNK
s,E,eng,O,UNK,UNK
SPACE,S,x,O,UNK,UNK
o,B,eng,O,UNK,UNK
f,E,eng,O,UNK,UNK
SPACE,S,x,O,UNK,UNK
v,B,eng,O,UNK,UNK
a,M,eng,O,UNK,UNK
r,M,eng,O,UNK,UNK
i,M,eng,O,UNK,UNK
o,M,eng,O,UNK,UNK
u,M,eng,O,UNK,UNK
s,E,eng,O,UNK,UNK
SPACE,S,x,O,UNK,UNK
o,B,eng,O,UNK,UNK
r,M,eng,O,UNK,UNK
g,M,eng,O,UNK,UNK
a,M,eng,O,UNK,UNK
n,M,eng,O,UNK,UNK
s,E,eng,O,UNK,UNK
SPACE,S,x,O,UNK,UNK
i,B,eng,O,UNK,UNK
n,E,eng,O,UNK,UNK
SPACE,S,x,O,UNK,UNK
n,B,eng,O,UNK,UNK
o,M,eng,O,UNK,UNK
r,M,eng,O,UNK,UNK
m,M,eng,O,UNK,UNK
a,M,eng,O,UNK,UNK
l,E,eng,O,UNK,UNK
SPACE,S,x,O,UNK,UNK
C,B,eng,O,UNK,UNK
NUM,M,eng,O,UNK,UNK
NUM,M,eng,O,UNK,UNK
B,M,eng,O,UNK,UNK
L,E,eng,O,UNK,UNK
SPACE,S,x,O,UNK,UNK
/,S,x,O,UNK,UNK
SPACE,S,x,O,UNK,UNK
NUM,S,m,O,UNK,UNK
J,S,eng,O,UNK,UNK
SPACE,S,x,O,UNK,UNK
m,B,eng,O,UNK,UNK
i,M,eng,O,UNK,UNK
c,M,eng,O,UNK,UNK
e,E,eng,O,UNK,UNK
SPACE,S,x,O,UNK,UNK
a,B,eng,O,UNK,UNK
n,M,eng,O,UNK,UNK
d,E,eng,O,UNK,UNK
sep,sep,sep,sep,sep,sep
LB,S,x,O,UNK,UNK
t,B,eng,O,UNK,UNK
h,M,eng,O,UNK,UNK
e,E,eng,O,UNK,UNK
SPACE,S,x,O,UNK,UNK
c,B,eng,O,UNK,UNK
h,M,eng,O,UNK,UNK
a,M,eng,O,UNK,UNK
n,M,eng,O,UNK,UNK
g,M,eng,O,UNK,UNK
e,M,eng,O,UNK,UNK
s,E,eng,O,UNK,UNK
SPACE,S,x,O,UNK,UNK
i,B,eng,O,UNK,UNK
n,E,eng,O,UNK,UNK
SPACE,S,x,O,UNK,UNK
t,B,eng,O,UNK,UNK
h,M,eng,O,UNK,UNK
e,E,eng,O,UNK,UNK
SPACE,S,x,O,UNK,UNK
Z,B,eng,B-Test,UNK,UNK
B,M,eng,I-Test,UNK,UNK
E,M,eng,I-Test,UNK,UNK
D,M,eng,I-Test,UNK,UNK
NUM,E,eng,I-Test,UNK,UNK
SPACE,S,x,O,UNK,UNK
e,B,eng,O,UNK,UNK
x,M,eng,O,UNK,UNK
p,M,eng,O,UNK,UNK
r,M,eng,O,UNK,UNK
e,M,eng,O,UNK,UNK
s,M,eng,O,UNK,UNK
s,M,eng,O,UNK,UNK
i,M,eng,O,UNK,UNK
o,M,eng,O,UNK,UNK
n,E,eng,O,UNK,UNK
SPACE,S,x,O,UNK,UNK
l,B,eng,O,UNK,UNK
e,M,eng,O,UNK,UNK
v,M,eng,O,UNK,UNK
e,M,eng,O,UNK,UNK
l,M,eng,O,UNK,UNK
s,E,eng,O,UNK,UNK
SPACE,S,x,O,UNK,UNK
a,B,eng,O,UNK,UNK
f,M,eng,O,UNK,UNK
f,M,eng,O,UNK,UNK
e,M,eng,O,UNK,UNK
c,M,eng,O,UNK,UNK
t,M,eng,O,UNK,UNK
e,M,eng,O,UNK,UNK
d,E,eng,O,UNK,UNK
sep,sep,sep,sep,sep,sep
SPACE,S,x,O,UNK,UNK
b,B,eng,O,UNK,UNK
y,E,eng,O,UNK,UNK
SPACE,S,x,O,UNK,UNK
l,B,eng,O,UNK,UNK
i,M,eng,O,UNK,UNK
r,M,eng,O,UNK,UNK
a,M,eng,O,UNK,UNK
g,M,eng,O,UNK,UNK
l,M,eng,O,UNK,UNK
u,M,eng,O,UNK,UNK
t,M,eng,O,UNK,UNK
i,M,eng,O,UNK,UNK
d,M,eng,O,UNK,UNK
e,E,eng,O,UNK,UNK
SPACE,S,x,O,UNK,UNK
i,B,eng,O,UNK,UNK
n,E,eng,O,UNK,UNK
SPACE,S,x,O,UNK,UNK
C,B,eng,O,UNK,UNK
NUM,M,eng,O,UNK,UNK
NUM,M,eng,O,UNK,UNK
B,M,eng,O,UNK,UNK
L,E,eng,O,UNK,UNK
SPACE,S,x,O,UNK,UNK
/,S,x,O,UNK,UNK
SPACE,S,x,O,UNK,UNK
NUM,S,m,O,UNK,UNK
J,S,eng,O,UNK,UNK
SPACE,S,x,O,UNK,UNK
m,B,eng,O,UNK,UNK
i,M,eng,O,UNK,UNK
c,M,eng,O,UNK,UNK
e,E,eng,O,UNK,UNK
sep,sep,sep,sep,sep,sep
SPACE,S,x,O,UNK,UNK
a,B,eng,O,UNK,UNK
n,M,eng,O,UNK,UNK
d,E,eng,O,UNK,UNK
SPACE,S,x,O,UNK,UNK
d,B,eng,O,UNK,UNK
b,E,eng,O,UNK,UNK
SPACE,S,x,O,UNK,UNK
/,S,x,O,UNK,UNK
SPACE,S,x,O,UNK,UNK
d,B,eng,O,UNK,UNK
b,E,eng,O,UNK,UNK
SPACE,S,x,O,UNK,UNK
m,B,eng,O,UNK,UNK
i,M,eng,O,UNK,UNK
c,M,eng,O,UNK,UNK
e,E,eng,O,UNK,UNK
SPACE,S,x,O,UNK,UNK
P,B,eng,O,UNK,UNK
a,M,eng,O,UNK,UNK
n,E,eng,O,UNK,UNK
LB,S,x,O,UNK,UNK
H,B,eng,O,UNK,UNK
o,M,eng,O,UNK,UNK
n,M,eng,O,UNK,UNK
g,M,eng,O,UNK,UNK
x,M,eng,O,UNK,UNK
i,M,eng,O,UNK,UNK
a,E,eng,O,UNK,UNK
*,S,x,O,UNK,UNK
",",S,x,O,UNK,UNK
sep,sep,sep,sep,sep,sep
SPACE,S,x,O,UNK,UNK
J,B,eng,O,UNK,UNK
i,M,eng,O,UNK,UNK
a,M,eng,O,UNK,UNK
n,M,eng,O,UNK,UNK
g,E,eng,O,UNK,UNK
SPACE,S,x,O,UNK,UNK
X,B,eng,O,UNK,UNK
i,M,eng,O,UNK,UNK
a,M,eng,O,UNK,UNK
n,M,eng,O,UNK,UNK
s,M,eng,O,UNK,UNK
h,M,eng,O,UNK,UNK
u,E,eng,O,UNK,UNK
",",S,x,O,UNK,UNK
sep,sep,sep,sep,sep,sep
SPACE,S,x,O,UNK,UNK
Q,B,eng,O,UNK,UNK
u,E,eng,O,UNK,UNK
SPACE,S,x,O,UNK,UNK
W,B,eng,O,UNK,UNK
e,M,eng,O,UNK,UNK
n,M,eng,O,UNK,UNK
j,M,eng,O,UNK,UNK
u,M,eng,O,UNK,UNK
a,M,eng,O,UNK,UNK
n,E,eng,O,UNK,UNK
",",S,x,O,UNK,UNK
SPACE,S,x,O,UNK,UNK
G,B,eng,O,UNK,UNK
u,M,eng,O,UNK,UNK
o,E,eng,O,UNK,UNK
SPACE,S,x,O,UNK,UNK
Y,B,eng,O,UNK,UNK
u,M,eng,O,UNK,UNK
n,M,eng,O,UNK,UNK
s,M,eng,O,UNK,UNK
o,M,eng,O,UNK,UNK
n,M,eng,O,UNK,UNK
g,E,eng,O,UNK,UNK
",",S,x,O,UNK,UNK
sep,sep,sep,sep,sep,sep
SPACE,S,x,O,UNK,UNK
Y,B,eng,O,UNK,UNK
a,M,eng,O,UNK,UNK
n,M,eng,O,UNK,UNK
g,E,eng,O,UNK,UNK
SPACE,S,x,O,UNK,UNK
G,B,eng,O,UNK,UNK
a,M,eng,O,UNK,UNK
n,M,eng,O,UNK,UNK
g,M,eng,O,UNK,UNK
y,M,eng,O,UNK,UNK
i,E,eng,O,UNK,UNK
",",S,x,O,UNK,UNK
SPACE,S,x,O,UNK,UNK
L,B,eng,O,UNK,UNK
i,E,eng,O,UNK,UNK
SPACE,S,x,O,UNK,UNK
L,B,eng,O,UNK,UNK
i,M,eng,O,UNK,UNK
n,M,eng,O,UNK,UNK
g,E,eng,O,UNK,UNK
",",S,x,O,UNK,UNK
sep,sep,sep,sep,sep,sep
SPACE,S,x,O,UNK,UNK
L,B,eng,O,UNK,UNK
i,E,eng,O,UNK,UNK
SPACE,S,x,O,UNK,UNK
Z,B,eng,O,UNK,UNK
h,M,eng,O,UNK,UNK
i,M,eng,O,UNK,UNK
y,M,eng,O,UNK,UNK
o,M,eng,O,UNK,UNK
n,M,eng,O,UNK,UNK
g,E,eng,O,UNK,UNK
.,S,m,O,UNK,UNK
SPACE,S,x,O,UNK,UNK
*,S,x,O,UNK,UNK
D,B,eng,O,UNK,UNK
e,M,eng,O,UNK,UNK
p,M,eng,O,UNK,UNK
a,M,eng,O,UNK,UNK
r,M,eng,O,UNK,UNK
t,M,eng,O,UNK,UNK
m,M,eng,O,UNK,UNK
e,M,eng,O,UNK,UNK
n,M,eng,O,UNK,UNK
t,E,eng,O,UNK,UNK
SPACE,S,x,O,UNK,UNK
o,B,eng,O,UNK,UNK
f,E,eng,O,UNK,UNK
LB,S,x,O,UNK,UNK
E,B,eng,O,UNK,UNK
n,M,eng,O,UNK,UNK
d,M,eng,O,UNK,UNK
o,M,eng,O,UNK,UNK
c,M,eng,O,UNK,UNK
r,M,eng,O,UNK,UNK
i,M,eng,O,UNK,UNK
n,M,eng,O,UNK,UNK
o,M,eng,O,UNK,UNK
l,M,eng,O,UNK,UNK
o,M,eng,O,UNK,UNK
g,M,eng,O,UNK,UNK
y,E,eng,O,UNK,UNK
",",S,x,O,UNK,UNK
sep,sep,sep,sep,sep,sep
SPACE,S,x,O,UNK,UNK
Y,B,eng,O,UNK,UNK
o,M,eng,O,UNK,UNK
n,M,eng,O,UNK,UNK
g,M,eng,O,UNK,UNK
c,M,eng,O,UNK,UNK
h,M,eng,O,UNK,UNK
u,M,eng,O,UNK,UNK
a,M,eng,O,UNK,UNK
n,E,eng,O,UNK,UNK
SPACE,S,x,O,UNK,UNK
H,B,eng,O,UNK,UNK
o,M,eng,O,UNK,UNK
s,M,eng,O,UNK,UNK
p,M,eng,O,UNK,UNK
i,M,eng,O,UNK,UNK
t,M,eng,O,UNK,UNK
a,M,eng,O,UNK,UNK
l,E,eng,O,UNK,UNK
",",S,x,O,UNK,UNK
sep,sep,sep,sep,sep,sep
SPACE,S,x,O,UNK,UNK
C,B,eng,O,UNK,UNK
h,M,eng,O,UNK,UNK
o,M,eng,O,UNK,UNK
n,M,eng,O,UNK,UNK
g,M,eng,O,UNK,UNK
q,M,eng,O,UNK,UNK
i,M,eng,O,UNK,UNK
n,M,eng,O,UNK,UNK
g,E,eng,O,UNK,UNK
SPACE,S,x,O,UNK,UNK
M,B,eng,O,UNK,UNK
e,M,eng,O,UNK,UNK
d,M,eng,O,UNK,UNK
i,M,eng,O,UNK,UNK
c,M,eng,O,UNK,UNK
a,M,eng,O,UNK,UNK
l,E,eng,O,UNK,UNK
SPACE,S,x,O,UNK,UNK
U,B,eng,O,UNK,UNK
n,M,eng,O,UNK,UNK
i,M,eng,O,UNK,UNK
v,M,eng,O,UNK,UNK
e,M,eng,O,UNK,UNK
r,M,eng,O,UNK,UNK
s,M,eng,O,UNK,UNK
i,M,eng,O,UNK,UNK
t,M,eng,O,UNK,UNK
y,E,eng,O,UNK,UNK
",",S,x,O,UNK,UNK
sep,sep,sep,sep,sep,sep
SPACE,S,x,O,UNK,UNK
C,B,eng,O,UNK,UNK
h,M,eng,O,UNK,UNK
o,M,eng,O,UNK,UNK
n,M,eng,O,UNK,UNK
g,M,eng,O,UNK,UNK
q,M,eng,O,UNK,UNK
i,M,eng,O,UNK,UNK
n,M,eng,O,UNK,UNK
g,E,eng,O,UNK,UNK
SPACE,S,x,O,UNK,UNK
NUM,B,m,O,UNK,UNK
NUM,M,m,O,UNK,UNK
NUM,M,m,O,UNK,UNK
NUM,M,m,O,UNK,UNK
NUM,M,m,O,UNK,UNK
NUM,E,m,O,UNK,UNK
",",S,x,O,UNK,UNK
sep,sep,sep,sep,sep,sep
SPACE,S,x,O,UNK,UNK
C,B,eng,O,UNK,UNK
h,M,eng,O,UNK,UNK
i,M,eng,O,UNK,UNK
n,M,eng,O,UNK,UNK
a,E,eng,O,UNK,UNK
LB,S,x,O,UNK,UNK
[,S,x,O,UNK,UNK
A,B,eng,O,UNK,UNK
b,M,eng,O,UNK,UNK
s,M,eng,O,UNK,UNK
t,M,eng,O,UNK,UNK
r,M,eng,O,UNK,UNK
a,M,eng,O,UNK,UNK
c,M,eng,O,UNK,UNK
t,E,eng,O,UNK,UNK
],S,x,O,UNK,UNK
SPACE,S,x,O,UNK,UNK
SPACE,S,x,O,UNK,UNK
O,B,eng,O,UNK,UNK
b,M,eng,O,UNK,UNK
j,M,eng,O,UNK,UNK
e,M,eng,O,UNK,UNK
c,M,eng,O,UNK,UNK
t,M,eng,O,UNK,UNK
i,M,eng,O,UNK,UNK
v,M,eng,O,UNK,UNK
e,E,eng,O,UNK,UNK
SPACE,S,x,O,UNK,UNK
SPACE,S,x,O,UNK,UNK
SPACE,S,x,O,UNK,UNK
T,B,eng,O,UNK,UNK
o,E,eng,O,UNK,UNK
SPACE,S,x,O,UNK,UNK
c,B,eng,O,UNK,UNK
o,M,eng,O,UNK,UNK
m,M,eng,O,UNK,UNK
p,M,eng,O,UNK,UNK
a,M,eng,O,UNK,UNK
r,M,eng,O,UNK,UNK
e,E,eng,O,UNK,UNK
SPACE,S,x,O,UNK,UNK
z,B,eng,O,UNK,UNK
i,M,eng,O,UNK,UNK
n,M,eng,O,UNK,UNK
c,E,eng,O,UNK,UNK
-,S,x,O,UNK,UNK
f,B,eng,O,UNK,UNK
i,M,eng,O,UNK,UNK
n,M,eng,O,UNK,UNK
g,M,eng,O,UNK,UNK
e,M,eng,O,UNK,UNK
r,E,eng,O,UNK,UNK
SPACE,S,x,O,UNK,UNK
B,B,eng,O,UNK,UNK
E,M,eng,O,UNK,UNK
D,E,eng,O,UNK,UNK
SPACE,S,x,O,UNK,UNK
d,B,eng,O,UNK,UNK
o,M,eng,O,UNK,UNK
m,M,eng,O,UNK,UNK
a,M,eng,O,UNK,UNK
i,M,eng,O,UNK,UNK
n,E,eng,O,UNK,UNK
-,S,x,O,UNK,UNK
c,B,eng,O,UNK,UNK
o,M,eng,O,UNK,UNK
n,M,eng,O,UNK,UNK
t,M,eng,O,UNK,UNK
a,M,eng,O,UNK,UNK
i,M,eng,O,UNK,UNK
n,M,eng,O,UNK,UNK
i,M,eng,O,UNK,UNK
n,M,eng,O,UNK,UNK
g,E,eng,O,UNK,UNK
SPACE,S,x,O,UNK,UNK
NUM,S,x,O,UNK,UNK
SPACE,S,x,O,UNK,UNK
(,S,x,O,UNK,UNK
SPACE,S,x,O,UNK,UNK
Z,B,eng,B-Test,UNK,UNK
B,M,eng,I-Test,UNK,UNK
E,M,eng,I-Test,UNK,UNK
D,M,eng,I-Test,UNK,UNK
NUM,E,eng,I-Test,UNK,UNK
),S,x,O,UNK,UNK
SPACE,S,x,O,UNK,UNK
e,B,eng,O,UNK,UNK
x,M,eng,O,UNK,UNK
p,M,eng,O,UNK,UNK
r,M,eng,O,UNK,UNK
e,M,eng,O,UNK,UNK
s,M,eng,O,UNK,UNK
s,M,eng,O,UNK,UNK
i,M,eng,O,UNK,UNK
o,M,eng,O,UNK,UNK
n,E,eng,O,UNK,UNK
SPACE,S,x,O,UNK,UNK
i,B,eng,O,UNK,UNK
n,E,eng,O,UNK,UNK
SPACE,S,x,O,UNK,UNK
v,B,eng,O,UNK,UNK
a,M,eng,O,UNK,UNK
r,M,eng,O,UNK,UNK
i,M,eng,O,UNK,UNK
o,M,eng,O,UNK,UNK
u,M,eng,O,UNK,UNK
s,E,eng,O,UNK,UNK
LB,S,x,O,UNK,UNK
t,B,eng,O,UNK,UNK
i,M,eng,O,UNK,UNK
s,M,eng,O,UNK,UNK
s,M,eng,O,UNK,UNK
u,M,eng,O,UNK,UNK
e,M,eng,O,UNK,UNK
s,E,eng,O,UNK,UNK
SPACE,S,x,O,UNK,UNK
o,B,eng,O,UNK,UNK
f,E,eng,O,UNK,UNK
SPACE,S,x,O,UNK,UNK
C,B,eng,O,UNK,UNK
NUM,M,eng,O,UNK,UNK
NUM,M,eng,O,UNK,UNK
B,M,eng,O,UNK,UNK
L,E,eng,O,UNK,UNK
SPACE,S,x,O,UNK,UNK
/,S,x,O,UNK,UNK
SPACE,S,x,O,UNK,UNK
NUM,S,m,O,UNK,UNK
J,S,eng,O,UNK,UNK
SPACE,S,x,O,UNK,UNK
m,B,eng,O,UNK,UNK
i,M,eng,O,UNK,UNK
c,M,eng,O,UNK,UNK
e,E,eng,O,UNK,UNK
sep,sep,sep,sep,sep,sep
SPACE,S,x,O,UNK,UNK
a,B,eng,O,UNK,UNK
n,M,eng,O,UNK,UNK
d,E,eng,O,UNK,UNK
SPACE,S,x,O,UNK,UNK
t,B,eng,O,UNK,UNK
h,M,eng,O,UNK,UNK
e,E,eng,O,UNK,UNK
SPACE,S,x,O,UNK,UNK
e,B,eng,O,UNK,UNK
f,M,eng,O,UNK,UNK
f,M,eng,O,UNK,UNK
e,M,eng,O,UNK,UNK
c,M,eng,O,UNK,UNK
t,M,eng,O,UNK,UNK
s,E,eng,O,UNK,UNK
SPACE,S,x,O,UNK,UNK
o,B,eng,O,UNK,UNK
f,E,eng,O,UNK,UNK
SPACE,S,x,O,UNK,UNK
l,B,eng,O,UNK,UNK
i,M,eng,O,UNK,UNK
r,M,eng,O,UNK,UNK
a,M,eng,O,UNK,UNK
g,M,eng,O,UNK,UNK
l,M,eng,O,UNK,UNK
u,M,eng,O,UNK,UNK
t,M,eng,O,UNK,UNK
i,M,eng,O,UNK,UNK
d,M,eng,O,UNK,UNK
e,E,eng,O,UNK,UNK
",",S,x,O,UNK,UNK
sep,sep,sep,sep,sep,sep
SPACE,S,x,O,UNK,UNK
g,B,eng,O,UNK,UNK
l,M,eng,O,UNK,UNK
u,M,eng,O,UNK,UNK
c,M,eng,O,UNK,UNK
o,M,eng,O,UNK,UNK
s,M,eng,O,UNK,UNK
e,E,eng,O,UNK,UNK
",",S,x,O,UNK,UNK
SPACE,S,x,O,UNK,UNK
a,B,eng,O,UNK,UNK
n,M,eng,O,UNK,UNK
d,E,eng,O,UNK,UNK
SPACE,S,x,O,UNK,UNK
i,B,eng,O,UNK,UNK
n,M,eng,O,UNK,UNK
s,M,eng,O,UNK,UNK
u,M,eng,O,UNK,UNK
l,M,eng,O,UNK,UNK
i,M,eng,O,UNK,UNK
n,E,eng,O,UNK,UNK
SPACE,S,x,O,UNK,UNK
o,B,eng,O,UNK,UNK
n,E,eng,O,UNK,UNK
SPACE,S,x,O,UNK,UNK
t,B,eng,O,UNK,UNK
h,M,eng,O,UNK,UNK
e,E,eng,O,UNK,UNK
SPACE,S,x,O,UNK,UNK
l,B,eng,O,UNK,UNK
e,M,eng,O,UNK,UNK
v,M,eng,O,UNK,UNK
e,M,eng,O,UNK,UNK
l,M,eng,O,UNK,UNK
s,E,eng,O,UNK,UNK
SPACE,S,x,O,UNK,UNK
o,B,eng,O,UNK,UNK
f,E,eng,O,UNK,UNK
SPACE,S,x,O,UNK,UNK
Z,B,eng,B-Test,UNK,UNK
B,M,eng,I-Test,UNK,UNK
E,M,eng,I-Test,UNK,UNK
D,M,eng,I-Test,UNK,UNK
NUM,E,eng,I-Test,UNK,UNK
SPACE,S,x,O,UNK,UNK
p,B,eng,O,UNK,UNK
r,M,eng,O,UNK,UNK
o,M,eng,O,UNK,UNK
t,M,eng,O,UNK,UNK
e,M,eng,O,UNK,UNK
i,M,eng,O,UNK,UNK
n,E,eng,O,UNK,UNK
SPACE,S,x,O,UNK,UNK
e,B,eng,O,UNK,UNK
x,M,eng,O,UNK,UNK
p,M,eng,O,UNK,UNK
r,M,eng,O,UNK,UNK
e,M,eng,O,UNK,UNK
s,M,eng,O,UNK,UNK
s,M,eng,O,UNK,UNK
i,M,eng,O,UNK,UNK
o,M,eng,O,UNK,UNK
n,E,eng,O,UNK,UNK
LB,S,x,O,UNK,UNK
i,B,eng,O,UNK,UNK
n,E,eng,O,UNK,UNK
SPACE,S,x,O,UNK,UNK
C,B,eng,O,UNK,UNK
NUM,M,eng,O,UNK,UNK
NUM,M,eng,O,UNK,UNK
B,M,eng,O,UNK,UNK
L,E,eng,O,UNK,UNK
SPACE,S,x,O,UNK,UNK
/,S,x,O,UNK,UNK
SPACE,S,x,O,UNK,UNK
NUM,S,m,O,UNK,UNK
J,S,eng,O,UNK,UNK
SPACE,S,x,O,UNK,UNK
m,B,eng,O,UNK,UNK
i,M,eng,O,UNK,UNK
c,M,eng,O,UNK,UNK
e,E,eng,O,UNK,UNK
sep,sep,sep,sep,sep,sep
SPACE,S,x,O,UNK,UNK
a,B,eng,O,UNK,UNK
n,M,eng,O,UNK,UNK
d,E,eng,O,UNK,UNK
SPACE,S,x,O,UNK,UNK
d,B,eng,O,UNK,UNK
b,E,eng,O,UNK,UNK
SPACE,S,x,O,UNK,UNK
/,S,x,O,UNK,UNK
SPACE,S,x,O,UNK,UNK
d,B,eng,O,UNK,UNK
b,E,eng,O,UNK,UNK
SPACE,S,x,O,UNK,UNK
m,B,eng,O,UNK,UNK
i,M,eng,O,UNK,UNK
c,M,eng,O,UNK,UNK
e,E,eng,O,UNK,UNK
.,S,m,O,UNK,UNK
sep,sep,sep,sep,sep,sep
SPACE,S,x,O,UNK,UNK
M,B,eng,O,UNK,UNK
e,M,eng,O,UNK,UNK
t,M,eng,O,UNK,UNK
h,M,eng,O,UNK,UNK
o,M,eng,O,UNK,UNK
d,M,eng,O,UNK,UNK
s,E,eng,O,UNK,UNK
SPACE,S,x,O,UNK,UNK
T,B,eng,O,UNK,UNK
h,M,eng,O,UNK,UNK
e,E,eng,O,UNK,UNK
SPACE,S,x,O,UNK,UNK
m,B,eng,O,UNK,UNK
R,M,eng,O,UNK,UNK
N,M,eng,O,UNK,UNK
A,E,eng,O,UNK,UNK
SPACE,S,x,O,UNK,UNK
l,B,eng,O,UNK,UNK
e,M,eng,O,UNK,UNK
v,M,eng,O,UNK,UNK
e,M,eng,O,UNK,UNK
l,E,eng,O,UNK,UNK
SPACE,S,x,O,UNK,UNK
o,B,eng,O,UNK,UNK
f,E,eng,O,UNK,UNK
SPACE,S,x,O,UNK,UNK
Z,B,eng,B-Test,UNK,UNK
B,M,eng,I-Test,UNK,UNK
E,M,eng,I-Test,UNK,UNK
D,M,eng,I-Test,UNK,UNK
NUM,E,eng,I-Test,UNK,UNK
SPACE,S,x,O,UNK,UNK
i,B,eng,O,UNK,UNK
n,E,eng,O,UNK,UNK
SPACE,S,x,O,UNK,UNK
v,B,eng,O,UNK,UNK
a,M,eng,O,UNK,UNK
r,M,eng,O,UNK,UNK
i,M,eng,O,UNK,UNK
o,M,eng,O,UNK,UNK
u,M,eng,O,UNK,UNK
s,E,eng,O,UNK,UNK
SPACE,S,x,O,UNK,UNK
t,B,eng,O,UNK,UNK
i,M,eng,O,UNK,UNK
s,M,eng,O,UNK,UNK
s,M,eng,O,UNK,UNK
u,M,eng,O,UNK,UNK
e,M,eng,O,UNK,UNK
s,E,eng,O,UNK,UNK
SPACE,S,x,O,UNK,UNK
o,B,eng,O,UNK,UNK
f,E,eng,O,UNK,UNK
SPACE,S,x,O,UNK,UNK
C,B,eng,O,UNK,UNK
NUM,M,eng,O,UNK,UNK
NUM,M,eng,O,UNK,UNK
B,M,eng,O,UNK,UNK
L,E,eng,O,UNK,UNK
SPACE,S,x,O,UNK,UNK
/,S,x,O,UNK,UNK
SPACE,S,x,O,UNK,UNK
NUM,S,m,O,UNK,UNK
J,S,eng,O,UNK,UNK
SPACE,S,x,O,UNK,UNK
m,B,eng,O,UNK,UNK
i,M,eng,O,UNK,UNK
c,M,eng,O,UNK,UNK
e,E,eng,O,UNK,UNK
SPACE,S,x,O,UNK,UNK
w,B,eng,O,UNK,UNK
a,M,eng,O,UNK,UNK
s,E,eng,O,UNK,UNK
LB,S,x,O,UNK,UNK
m,B,eng,O,UNK,UNK
e,M,eng,O,UNK,UNK
a,M,eng,O,UNK,UNK
s,M,eng,O,UNK,UNK
u,M,eng,O,UNK,UNK
r,M,eng,O,UNK,UNK
e,M,eng,O,UNK,UNK
d,E,eng,O,UNK,UNK
sep,sep,sep,sep,sep,sep
SPACE,S,x,O,UNK,UNK
b,B,eng,O,UNK,UNK
y,E,eng,O,UNK,UNK
SPACE,S,x,O,UNK,UNK
r,B,eng,O,UNK,UNK
e,M,eng,O,UNK,UNK
a,M,eng,O,UNK,UNK
l,M,eng,O,UNK,UNK
t,M,eng,O,UNK,UNK
i,M,eng,O,UNK,UNK
m,M,eng,O,UNK,UNK
e,E,eng,O,UNK,UNK
SPACE,S,x,O,UNK,UNK
P,B,eng,O,UNK,UNK
C,M,eng,O,UNK,UNK
R,E,eng,O,UNK,UNK
.,S,m,O,UNK,UNK
sep,sep,sep,sep,sep,sep
SPACE,S,x,O,UNK,UNK
T,B,eng,O,UNK,UNK
h,M,eng,O,UNK,UNK
e,E,eng,O,UNK,UNK
SPACE,S,x,O,UNK,UNK
p,B,eng,O,UNK,UNK
r,M,eng,O,UNK,UNK
o,M,eng,O,UNK,UNK
t,M,eng,O,UNK,UNK
e,M,eng,O,UNK,UNK
i,M,eng,O,UNK,UNK
n,E,eng,O,UNK,UNK
SPACE,S,x,O,UNK,UNK
l,B,eng,O,UNK,UNK
e,M,eng,O,UNK,UNK
v,M,eng,O,UNK,UNK
e,M,eng,O,UNK,UNK
l,E,eng,O,UNK,UNK
SPACE,S,x,O,UNK,UNK
o,B,eng,O,UNK,UNK
f,E,eng,O,UNK,UNK
SPACE,S,x,O,UNK,UNK
Z,B,eng,B-Test,UNK,UNK
B,M,eng,I-Test,UNK,UNK
E,M,eng,I-Test,UNK,UNK
D,M,eng,I-Test,UNK,UNK
NUM,E,eng,I-Test,UNK,UNK
SPACE,S,x,O,UNK,UNK
w,B,eng,O,UNK,UNK
a,M,eng,O,UNK,UNK
s,E,eng,O,UNK,UNK
SPACE,S,x,O,UNK,UNK
m,B,eng,O,UNK,UNK
e,M,eng,O,UNK,UNK
a,M,eng,O,UNK,UNK
s,M,eng,O,UNK,UNK
u,M,eng,O,UNK,UNK
r,M,eng,O,UNK,UNK
e,M,eng,O,UNK,UNK
d,E,eng,O,UNK,UNK
sep,sep,sep,sep,sep,sep
SPACE,S,x,O,UNK,UNK
b,B,eng,O,UNK,UNK
y,E,eng,O,UNK,UNK
SPACE,S,x,O,UNK,UNK
u,B,eng,O,UNK,UNK
s,M,eng,O,UNK,UNK
i,M,eng,O,UNK,UNK
n,M,eng,O,UNK,UNK
g,E,eng,O,UNK,UNK
SPACE,S,x,O,UNK,UNK
w,B,eng,O,UNK,UNK
e,M,eng,O,UNK,UNK
s,M,eng,O,UNK,UNK
t,M,eng,O,UNK,UNK
e,M,eng,O,UNK,UNK
r,M,eng,O,UNK,UNK
n,E,eng,O,UNK,UNK
SPACE,S,x,O,UNK,UNK
b,B,eng,O,UNK,UNK
l,M,eng,O,UNK,UNK
o,M,eng,O,UNK,UNK
t,E,eng,O,UNK,UNK
.,S,m,O,UNK,UNK
sep,sep,sep,sep,sep,sep
SPACE,S,x,O,UNK,UNK
R,B,eng,O,UNK,UNK
e,M,eng,O,UNK,UNK
s,M,eng,O,UNK,UNK
u,M,eng,O,UNK,UNK
l,M,eng,O,UNK,UNK
t,M,eng,O,UNK,UNK
s,E,eng,O,UNK,UNK
SPACE,S,x,O,UNK,UNK
Z,B,eng,B-Test,UNK,UNK
B,M,eng,I-Test,UNK,UNK
E,M,eng,I-Test,UNK,UNK
D,M,eng,I-Test,UNK,UNK
NUM,E,eng,I-Test,UNK,UNK
SPACE,S,x,O,UNK,UNK
m,B,eng,O,UNK,UNK
R,M,eng,O,UNK,UNK
N,M,eng,O,UNK,UNK
A,E,eng,O,UNK,UNK
LB,S,x,O,UNK,UNK
l,B,eng,O,UNK,UNK
e,M,eng,O,UNK,UNK
v,M,eng,O,UNK,UNK
e,M,eng,O,UNK,UNK
l,M,eng,O,UNK,UNK
s,E,eng,O,UNK,UNK
SPACE,S,x,O,UNK,UNK
w,B,eng,O,UNK,UNK
e,M,eng,O,UNK,UNK
r,M,eng,O,UNK,UNK
e,E,eng,O,UNK,UNK
SPACE,S,x,O,UNK,UNK
d,B,eng,O,UNK,UNK
e,M,eng,O,UNK,UNK
t,M,eng,O,UNK,UNK
e,M,eng,O,UNK,UNK
c,M,eng,O,UNK,UNK
t,M,eng,O,UNK,UNK
e,M,eng,O,UNK,UNK
d,E,eng,O,UNK,UNK
SPACE,S,x,O,UNK,UNK
i,B,eng,O,UNK,UNK
n,E,eng,O,UNK,UNK
SPACE,S,x,O,UNK,UNK
m,B,eng,O,UNK,UNK
u,M,eng,O,UNK,UNK
s,M,eng,O,UNK,UNK
c,M,eng,O,UNK,UNK
l,M,eng,O,UNK,UNK
e,E,eng,O,UNK,UNK
",",S,x,O,UNK,UNK
sep,sep,sep,sep,sep,sep
SPACE,S,x,O,UNK,UNK
s,B,eng,O,UNK,UNK
p,M,eng,O,UNK,UNK
l,M,eng,O,UNK,UNK
e,M,eng,O,UNK,UNK
e,M,eng,O,UNK,UNK
n,E,eng,O,UNK,UNK
",",S,x,O,UNK,UNK
SPACE,S,x,O,UNK,UNK
k,B,eng,O,UNK,UNK
i,M,eng,O,UNK,UNK
d,M,eng,O,UNK,UNK
n,M,eng,O,UNK,UNK
e,M,eng,O,UNK,UNK
y,E,eng,O,UNK,UNK
",",S,x,O,UNK,UNK
sep,sep,sep,sep,sep,sep
SPACE,S,x,O,UNK,UNK
b,B,eng,O,UNK,UNK
r,M,eng,O,UNK,UNK
a,M,eng,O,UNK,UNK
i,M,eng,O,UNK,UNK
n,E,eng,O,UNK,UNK
",",S,x,O,UNK,UNK
SPACE,S,x,O,UNK,UNK
h,B,eng,O,UNK,UNK
e,M,eng,O,UNK,UNK
a,M,eng,O,UNK,UNK
r,M,eng,O,UNK,UNK
t,E,eng,O,UNK,UNK
",",S,x,O,UNK,UNK
sep,sep,sep,sep,sep,sep
SPACE,S,x,O,UNK,UNK
l,B,eng,O,UNK,UNK
u,M,eng,O,UNK,UNK
n,M,eng,O,UNK,UNK
g,E,eng,O,UNK,UNK
",",S,x,O,UNK,UNK
SPACE,S,x,O,UNK,UNK
a,B,eng,O,UNK,UNK
n,M,eng,O,UNK,UNK
d,E,eng,O,UNK,UNK
SPACE,S,x,O,UNK,UNK
l,B,eng,O,UNK,UNK
i,M,eng,O,UNK,UNK
v,M,eng,O,UNK,UNK
e,M,eng,O,UNK,UNK
r,E,eng,O,UNK,UNK
SPACE,S,x,O,UNK,UNK
o,B,eng,O,UNK,UNK
f,E,eng,O,UNK,UNK
SPACE,S,x,O,UNK,UNK
C,B,eng,O,UNK,UNK
NUM,M,eng,O,UNK,UNK
NUM,M,eng,O,UNK,UNK
B,M,eng,O,UNK,UNK
L,E,eng,O,UNK,UNK
SPACE,S,x,O,UNK,UNK
/,S,x,O,UNK,UNK
SPACE,S,x,O,UNK,UNK
NUM,S,m,O,UNK,UNK
J,S,eng,O,UNK,UNK
SPACE,S,x,O,UNK,UNK
m,B,eng,O,UNK,UNK
i,M,eng,O,UNK,UNK
c,M,eng,O,UNK,UNK
e,E,eng,O,UNK,UNK
",",S,x,O,UNK,UNK
sep,sep,sep,sep,sep,sep
SPACE,S,x,O,UNK,UNK
y,B,eng,O,UNK,UNK
i,M,eng,O,UNK,UNK
e,M,eng,O,UNK,UNK
l,M,eng,O,UNK,UNK
d,M,eng,O,UNK,UNK
i,M,eng,O,UNK,UNK
n,M,eng,O,UNK,UNK
g,E,eng,O,UNK,UNK
SPACE,S,x,O,UNK,UNK
t,B,eng,O,UNK,UNK
h,M,eng,O,UNK,UNK
e,E,eng,O,UNK,UNK
SPACE,S,x,O,UNK,UNK
h,B,eng,O,UNK,UNK
i,M,eng,O,UNK,UNK
g,M,eng,O,UNK,UNK
h,M,eng,O,UNK,UNK
e,M,eng,O,UNK,UNK
s,M,eng,O,UNK,UNK
t,E,eng,O,UNK,UNK
LB,S,x,O,UNK,UNK
e,B,eng,O,UNK,UNK
x,M,eng,O,UNK,UNK
p,M,eng,O,UNK,UNK
r,M,eng,O,UNK,UNK
e,M,eng,O,UNK,UNK
s,M,eng,O,UNK,UNK
s,M,eng,O,UNK,UNK
i,M,eng,O,UNK,UNK
o,M,eng,O,UNK,UNK
n,E,eng,O,UNK,UNK
SPACE,S,x,O,UNK,UNK
i,B,eng,O,UNK,UNK
n,E,eng,O,UNK,UNK
SPACE,S,x,O,UNK,UNK
m,B,eng,O,UNK,UNK
u,M,eng,O,UNK,UNK
s,M,eng,O,UNK,UNK
c,M,eng,O,UNK,UNK
l,M,eng,O,UNK,UNK
e,E,eng,O,UNK,UNK
.,S,m,O,UNK,UNK
sep,sep,sep,sep,sep,sep
SPACE,S,x,O,UNK,UNK
A,B,eng,O,UNK,UNK
d,M,eng,O,UNK,UNK
d,M,eng,O,UNK,UNK
i,M,eng,O,UNK,UNK
t,M,eng,O,UNK,UNK
i,M,eng,O,UNK,UNK
o,M,eng,O,UNK,UNK
n,M,eng,O,UNK,UNK
a,M,eng,O,UNK,UNK
l,M,eng,O,UNK,UNK
l,M,eng,O,UNK,UNK
y,E,eng,O,UNK,UNK
",",S,x,O,UNK,UNK
sep,sep,sep,sep,sep,sep
SPACE,S,x,O,UNK,UNK
T,B,eng,O,UNK,UNK
h,M,eng,O,UNK,UNK
e,E,eng,O,UNK,UNK
SPACE,S,x,O,UNK,UNK
l,B,eng,O,UNK,UNK
i,M,eng,O,UNK,UNK
v,M,eng,O,UNK,UNK
e,M,eng,O,UNK,UNK
r,E,eng,O,UNK,UNK
SPACE,S,x,O,UNK,UNK
Z,B,eng,B-Test,UNK,UNK
B,M,eng,I-Test,UNK,UNK
E,M,eng,I-Test,UNK,UNK
D,M,eng,I-Test,UNK,UNK
NUM,E,eng,I-Test,UNK,UNK
SPACE,S,x,O,UNK,UNK
l,B,eng,O,UNK,UNK
e,M,eng,O,UNK,UNK
v,M,eng,O,UNK,UNK
e,M,eng,O,UNK,UNK
l,M,eng,O,UNK,UNK
s,E,eng,O,UNK,UNK
SPACE,S,x,O,UNK,UNK
w,B,eng,O,UNK,UNK
e,M,eng,O,UNK,UNK
r,M,eng,O,UNK,UNK
e,E,eng,O,UNK,UNK
SPACE,S,x,O,UNK,UNK
h,B,eng,O,UNK,UNK
i,M,eng,O,UNK,UNK
g,M,eng,O,UNK,UNK
h,M,eng,O,UNK,UNK
e,M,eng,O,UNK,UNK
r,E,eng,O,UNK,UNK
SPACE,S,x,O,UNK,UNK
i,B,eng,O,UNK,UNK
n,E,eng,O,UNK,UNK
SPACE,S,x,O,UNK,UNK
d,B,eng,O,UNK,UNK
b,E,eng,O,UNK,UNK
SPACE,S,x,O,UNK,UNK
/,S,x,O,UNK,UNK
SPACE,S,x,O,UNK,UNK
d,B,eng,O,UNK,UNK
b,E,eng,O,UNK,UNK
SPACE,S,x,O,UNK,UNK
m,B,eng,O,UNK,UNK
i,M,eng,O,UNK,UNK
c,M,eng,O,UNK,UNK
e,E,eng,O,UNK,UNK
SPACE,S,x,O,UNK,UNK
c,B,eng,O,UNK,UNK
o,M,eng,O,UNK,UNK
m,M,eng,O,UNK,UNK
p,M,eng,O,UNK,UNK
a,M,eng,O,UNK,UNK
r,M,eng,O,UNK,UNK
e,M,eng,O,UNK,UNK
d,E,eng,O,UNK,UNK
sep,sep,sep,sep,sep,sep
SPACE,S,x,O,UNK,UNK
w,B,eng,O,UNK,UNK
i,M,eng,O,UNK,UNK
t,M,eng,O,UNK,UNK
h,E,eng,O,UNK,UNK
SPACE,S,x,O,UNK,UNK
C,B,eng,O,UNK,UNK
NUM,M,eng,O,UNK,UNK
NUM,M,eng,O,UNK,UNK
B,M,eng,O,UNK,UNK
L,E,eng,O,UNK,UNK
SPACE,S,x,O,UNK,UNK
/,S,x,O,UNK,UNK
SPACE,S,x,O,UNK,UNK
NUM,S,m,O,UNK,UNK
J,S,eng,O,UNK,UNK
SPACE,S,x,O,UNK,UNK
m,B,eng,O,UNK,UNK
i,M,eng,O,UNK,UNK
c,M,eng,O,UNK,UNK
e,E,eng,O,UNK,UNK
LB,S,x,O,UNK,UNK
(,S,x,O,UNK,UNK
P,S,x,O,UNK,UNK
<,S,x,O,UNK,UNK
NUM,B,m,O,UNK,UNK
.,E,m,O,UNK,UNK
SPACE,S,x,O,UNK,UNK
NUM,B,m,O,UNK,UNK
NUM,E,m,O,UNK,UNK
),S,x,O,UNK,UNK
SPACE,S,x,O,UNK,UNK
.,S,x,O,UNK,UNK
sep,sep,sep,sep,sep,sep
SPACE,S,x,O,UNK,UNK
F,B,eng,O,UNK,UNK
u,M,eng,O,UNK,UNK
r,M,eng,O,UNK,UNK
t,M,eng,O,UNK,UNK
h,M,eng,O,UNK,UNK
e,M,eng,O,UNK,UNK
r,M,eng,O,UNK,UNK
m,M,eng,O,UNK,UNK
o,M,eng,O,UNK,UNK
r,M,eng,O,UNK,UNK
e,E,eng,O,UNK,UNK
",",S,x,O,UNK,UNK
sep,sep,sep,sep,sep,sep
SPACE,S,x,O,UNK,UNK
t,B,eng,O,UNK,UNK
h,M,eng,O,UNK,UNK
e,E,eng,O,UNK,UNK
SPACE,S,x,O,UNK,UNK
p,B,eng,O,UNK,UNK
r,M,eng,O,UNK,UNK
o,M,eng,O,UNK,UNK
t,M,eng,O,UNK,UNK
e,M,eng,O,UNK,UNK
i,M,eng,O,UNK,UNK
n,E,eng,O,UNK,UNK
SPACE,S,x,O,UNK,UNK
e,B,eng,O,UNK,UNK
x,M,eng,O,UNK,UNK
p,M,eng,O,UNK,UNK
r,M,eng,O,UNK,UNK
e,M,eng,O,UNK,UNK
s,M,eng,O,UNK,UNK
s,M,eng,O,UNK,UNK
i,M,eng,O,UNK,UNK
o,M,eng,O,UNK,UNK
n,E,eng,O,UNK,UNK
SPACE,S,x,O,UNK,UNK
o,B,eng,O,UNK,UNK
f,E,eng,O,UNK,UNK
SPACE,S,x,O,UNK,UNK
Z,B,eng,B-Test,UNK,UNK
B,M,eng,I-Test,UNK,UNK
E,M,eng,I-Test,UNK,UNK
D,M,eng,I-Test,UNK,UNK
NUM,E,eng,I-Test,UNK,UNK
SPACE,S,x,O,UNK,UNK
w,B,eng,O,UNK,UNK
a,M,eng,O,UNK,UNK
s,E,eng,O,UNK,UNK
SPACE,S,x,O,UNK,UNK
s,B,eng,O,UNK,UNK
i,M,eng,O,UNK,UNK
g,M,eng,O,UNK,UNK
n,M,eng,O,UNK,UNK
i,M,eng,O,UNK,UNK
f,M,eng,O,UNK,UNK
i,M,eng,O,UNK,UNK
c,M,eng,O,UNK,UNK
a,M,eng,O,UNK,UNK
n,M,eng,O,UNK,UNK
t,M,eng,O,UNK,UNK
l,M,eng,O,UNK,UNK
y,E,eng,O,UNK,UNK
SPACE,S,x,O,UNK,UNK
i,B,eng,O,UNK,UNK
n,M,eng,O,UNK,UNK
c,M,eng,O,UNK,UNK
r,M,eng,O,UNK,UNK
e,M,eng,O,UNK,UNK
a,M,eng,O,UNK,UNK
s,M,eng,O,UNK,UNK
e,M,eng,O,UNK,UNK
d,E,eng,O,UNK,UNK
SPACE,S,x,O,UNK,UNK
i,B,eng,O,UNK,UNK
n,E,eng,O,UNK,UNK
SPACE,S,x,O,UNK,UNK
l,B,eng,O,UNK,UNK
i,M,eng,O,UNK,UNK
v,M,eng,O,UNK,UNK
e,M,eng,O,UNK,UNK
r,E,eng,O,UNK,UNK
SPACE,S,x,O,UNK,UNK
t,B,eng,O,UNK,UNK
i,M,eng,O,UNK,UNK
s,M,eng,O,UNK,UNK
s,M,eng,O,UNK,UNK
u,M,eng,O,UNK,UNK
e,M,eng,O,UNK,UNK
s,E,eng,O,UNK,UNK
SPACE,S,x,O,UNK,UNK
o,B,eng,O,UNK,UNK
f,E,eng,O,UNK,UNK
SPACE,S,x,O,UNK,UNK
d,B,eng,O,UNK,UNK
b,E,eng,O,UNK,UNK
SPACE,S,x,O,UNK,UNK
/,S,x,O,UNK,UNK
SPACE,S,x,O,UNK,UNK
d,B,eng,O,UNK,UNK
b,E,eng,O,UNK,UNK
SPACE,S,x,O,UNK,UNK
m,B,eng,O,UNK,UNK
i,M,eng,O,UNK,UNK
c,M,eng,O,UNK,UNK
e,E,eng,O,UNK,UNK
LB,S,x,O,UNK,UNK
t,B,eng,O,UNK,UNK
r,M,eng,O,UNK,UNK
e,M,eng,O,UNK,UNK
a,M,eng,O,UNK,UNK
t,M,eng,O,UNK,UNK
e,M,eng,O,UNK,UNK
d,E,eng,O,UNK,UNK
sep,sep,sep,sep,sep,sep
SPACE,S,x,O,UNK,UNK
w,B,eng,O,UNK,UNK
i,M,eng,O,UNK,UNK
t,M,eng,O,UNK,UNK
h,E,eng,O,UNK,UNK
SPACE,S,x,O,UNK,UNK
h,B,eng,O,UNK,UNK
i,M,eng,O,UNK,UNK
g,M,eng,O,UNK,UNK
h,E,eng,O,UNK,UNK
SPACE,S,x,O,UNK,UNK
c,B,eng,O,UNK,UNK
o,M,eng,O,UNK,UNK
n,M,eng,O,UNK,UNK
c,M,eng,O,UNK,UNK
e,M,eng,O,UNK,UNK
n,M,eng,O,UNK,UNK
t,M,eng,O,UNK,UNK
r,M,eng,O,UNK,UNK
a,M,eng,O,UNK,UNK
t,M,eng,O,UNK,UNK
i,M,eng,O,UNK,UNK
o,M,eng,O,UNK,UNK
n,M,eng,O,UNK,UNK
s,E,eng,O,UNK,UNK
SPACE,S,x,O,UNK,UNK
o,B,eng,O,UNK,UNK
f,E,eng,O,UNK,UNK
SPACE,S,x,O,UNK,UNK
l,B,eng,O,UNK,UNK
i,M,eng,O,UNK,UNK
r,M,eng,O,UNK,UNK
a,M,eng,O,UNK,UNK
g,M,eng,O,UNK,UNK
l,M,eng,O,UNK,UNK
u,M,eng,O,UNK,UNK
t,M,eng,O,UNK,UNK
i,M,eng,O,UNK,UNK
d,M,eng,O,UNK,UNK
e,E,eng,O,UNK,UNK
",",S,x,O,UNK,UNK
sep,sep,sep,sep,sep,sep
SPACE,S,x,O,UNK,UNK
g,B,eng,O,UNK,UNK
l,M,eng,O,UNK,UNK
u,M,eng,O,UNK,UNK
c,M,eng,O,UNK,UNK
o,M,eng,O,UNK,UNK
s,M,eng,O,UNK,UNK
e,E,eng,O,UNK,UNK
SPACE,S,x,O,UNK,UNK
o,B,eng,O,UNK,UNK
r,E,eng,O,UNK,UNK
SPACE,S,x,O,UNK,UNK
i,B,eng,O,UNK,UNK
n,M,eng,O,UNK,UNK
s,M,eng,O,UNK,UNK
u,M,eng,O,UNK,UNK
l,M,eng,O,UNK,UNK
i,M,eng,O,UNK,UNK
n,E,eng,O,UNK,UNK
(,S,x,O,UNK,UNK
P,S,x,O,UNK,UNK
<,S,x,O,UNK,UNK
NUM,B,m,O,UNK,UNK
.,E,m,O,UNK,UNK
SPACE,S,x,O,UNK,UNK
NUM,B,m,O,UNK,UNK
NUM,E,m,O,UNK,UNK
),S,x,O,UNK,UNK
",",S,x,O,UNK,UNK
sep,sep,sep,sep,sep,sep
SPACE,S,x,O,UNK,UNK
h,B,eng,O,UNK,UNK
o,M,eng,O,UNK,UNK
w,M,eng,O,UNK,UNK
e,M,eng,O,UNK,UNK
v,M,eng,O,UNK,UNK
e,M,eng,O,UNK,UNK
r,E,eng,O,UNK,UNK
",",S,x,O,UNK,UNK
SPACE,S,x,O,UNK,UNK
t,B,eng,O,UNK,UNK
h,M,eng,O,UNK,UNK
e,E,eng,O,UNK,UNK
SPACE,S,x,O,UNK,UNK
e,B,eng,O,UNK,UNK
x,M,eng,O,UNK,UNK
p,M,eng,O,UNK,UNK
r,M,eng,O,UNK,UNK
e,M,eng,O,UNK,UNK
s,M,eng,O,UNK,UNK
s,M,eng,O,UNK,UNK
i,M,eng,O,UNK,UNK
o,M,eng,O,UNK,UNK
n,E,eng,O,UNK,UNK
SPACE,S,x,O,UNK,UNK
o,B,eng,O,UNK,UNK
f,E,eng,O,UNK,UNK
SPACE,S,x,O,UNK,UNK
Z,B,eng,B-Test,UNK,UNK
B,M,eng,I-Test,UNK,UNK
E,M,eng,I-Test,UNK,UNK
D,M,eng,I-Test,UNK,UNK
NUM,E,eng,I-Test,UNK,UNK
SPACE,S,x,O,UNK,UNK
o,B,eng,O,UNK,UNK
n,M,eng,O,UNK,UNK
l,M,eng,O,UNK,UNK
y,E,eng,O,UNK,UNK
LB,S,x,O,UNK,UNK
r,B,eng,O,UNK,UNK
e,M,eng,O,UNK,UNK
s,M,eng,O,UNK,UNK
p,M,eng,O,UNK,UNK
o,M,eng,O,UNK,UNK
n,M,eng,O,UNK,UNK
d,M,eng,O,UNK,UNK
e,M,eng,O,UNK,UNK
d,E,eng,O,UNK,UNK
SPACE,S,x,O,UNK,UNK
t,B,eng,O,UNK,UNK
o,E,eng,O,UNK,UNK
SPACE,S,x,O,UNK,UNK
h,B,eng,O,UNK,UNK
i,M,eng,O,UNK,UNK
g,M,eng,O,UNK,UNK
h,E,eng,O,UNK,UNK
SPACE,S,x,O,UNK,UNK
c,B,eng,O,UNK,UNK
o,M,eng,O,UNK,UNK
n,M,eng,O,UNK,UNK
c,M,eng,O,UNK,UNK
e,M,eng,O,UNK,UNK
n,M,eng,O,UNK,UNK
t,M,eng,O,UNK,UNK
r,M,eng,O,UNK,UNK
a,M,eng,O,UNK,UNK
t,M,eng,O,UNK,UNK
i,M,eng,O,UNK,UNK
o,M,eng,O,UNK,UNK
n,E,eng,O,UNK,UNK
SPACE,S,x,O,UNK,UNK
o,B,eng,O,UNK,UNK
f,E,eng,O,UNK,UNK
SPACE,S,x,O,UNK,UNK
g,B,eng,O,UNK,UNK
l,M,eng,O,UNK,UNK
u,M,eng,O,UNK,UNK
c,M,eng,O,UNK,UNK
o,M,eng,O,UNK,UNK
s,M,eng,O,UNK,UNK
e,E,eng,O,UNK,UNK
SPACE,S,x,O,UNK,UNK
i,B,eng,O,UNK,UNK
n,E,eng,O,UNK,UNK
SPACE,S,x,O,UNK,UNK
l,B,eng,O,UNK,UNK
i,M,eng,O,UNK,UNK
v,M,eng,O,UNK,UNK
e,M,eng,O,UNK,UNK
r,E,eng,O,UNK,UNK
SPACE,S,x,O,UNK,UNK
t,B,eng,O,UNK,UNK
i,M,eng,O,UNK,UNK
s,M,eng,O,UNK,UNK
s,M,eng,O,UNK,UNK
u,M,eng,O,UNK,UNK
e,M,eng,O,UNK,UNK
s,E,eng,O,UNK,UNK
SPACE,S,x,O,UNK,UNK
o,B,eng,O,UNK,UNK
f,E,eng,O,UNK,UNK
SPACE,S,x,O,UNK,UNK
C,B,eng,O,UNK,UNK
NUM,M,eng,O,UNK,UNK
NUM,M,eng,O,UNK,UNK
B,M,eng,O,UNK,UNK
L,E,eng,O,UNK,UNK
SPACE,S,x,O,UNK,UNK
/,S,x,O,UNK,UNK
SPACE,S,x,O,UNK,UNK
NUM,S,m,O,UNK,UNK
J,S,eng,O,UNK,UNK
SPACE,S,x,O,UNK,UNK
m,B,eng,O,UNK,UNK
i,M,eng,O,UNK,UNK
c,M,eng,O,UNK,UNK
e,E,eng,O,UNK,UNK
.,S,m,O,UNK,UNK
sep,sep,sep,sep,sep,sep
SPACE,S,x,O,UNK,UNK
C,B,eng,O,UNK,UNK
o,M,eng,O,UNK,UNK
n,M,eng,O,UNK,UNK
c,M,eng,O,UNK,UNK
l,M,eng,O,UNK,UNK
u,M,eng,O,UNK,UNK
s,M,eng,O,UNK,UNK
i,M,eng,O,UNK,UNK
o,M,eng,O,UNK,UNK
n,E,eng,O,UNK,UNK
SPACE,S,x,O,UNK,UNK
Z,B,eng,B-Test,UNK,UNK
B,M,eng,I-Test,UNK,UNK
E,M,eng,I-Test,UNK,UNK
D,M,eng,I-Test,UNK,UNK
NUM,E,eng,I-Test,UNK,UNK
SPACE,S,x,O,UNK,UNK
m,B,eng,O,UNK,UNK
a,M,eng,O,UNK,UNK
y,E,eng,O,UNK,UNK
SPACE,S,x,O,UNK,UNK
a,B,eng,O,UNK,UNK
c,M,eng,O,UNK,UNK
t,E,eng,O,UNK,UNK
SPACE,S,x,O,UNK,UNK
a,B,eng,O,UNK,UNK
s,E,eng,O,UNK,UNK
SPACE,S,x,O,UNK,UNK
a,S,x,O,UNK,UNK
SPACE,S,x,O,UNK,UNK
n,B,eng,O,UNK,UNK
o,M,eng,O,UNK,UNK
v,M,eng,O,UNK,UNK
e,M,eng,O,UNK,UNK
l,E,eng,O,UNK,UNK
LB,S,x,O,UNK,UNK
f,B,eng,O,UNK,UNK
a,M,eng,O,UNK,UNK
c,M,eng,O,UNK,UNK
t,M,eng,O,UNK,UNK
o,M,eng,O,UNK,UNK
r,E,eng,O,UNK,UNK
SPACE,S,x,O,UNK,UNK
i,B,eng,O,UNK,UNK
n,E,eng,O,UNK,UNK
SPACE,S,x,O,UNK,UNK
r,B,eng,O,UNK,UNK
e,M,eng,O,UNK,UNK
g,M,eng,O,UNK,UNK
u,M,eng,O,UNK,UNK
l,M,eng,O,UNK,UNK
a,M,eng,O,UNK,UNK
t,M,eng,O,UNK,UNK
i,M,eng,O,UNK,UNK
n,M,eng,O,UNK,UNK
g,E,eng,O,UNK,UNK
SPACE,S,x,O,UNK,UNK
g,B,eng,O,UNK,UNK
l,M,eng,O,UNK,UNK
u,M,eng,O,UNK,UNK
c,M,eng,O,UNK,UNK
o,M,eng,O,UNK,UNK
s,M,eng,O,UNK,UNK
e,E,eng,O,UNK,UNK
SPACE,S,x,O,UNK,UNK
m,B,eng,O,UNK,UNK
e,M,eng,O,UNK,UNK
t,M,eng,O,UNK,UNK
a,M,eng,O,UNK,UNK
b,M,eng,O,UNK,UNK
o,M,eng,O,UNK,UNK
l,M,eng,O,UNK,UNK
i,M,eng,O,UNK,UNK
s,M,eng,O,UNK,UNK
m,E,eng,O,UNK,UNK
.,S,m,O,UNK,UNK
sep,sep,sep,sep,sep,sep
SPACE,S,x,O,UNK,UNK
T,B,eng,O,UNK,UNK
h,M,eng,O,UNK,UNK
e,E,eng,O,UNK,UNK
SPACE,S,x,O,UNK,UNK
e,B,eng,O,UNK,UNK
x,M,eng,O,UNK,UNK
p,M,eng,O,UNK,UNK
r,M,eng,O,UNK,UNK
e,M,eng,O,UNK,UNK
s,M,eng,O,UNK,UNK
s,M,eng,O,UNK,UNK
i,M,eng,O,UNK,UNK
o,M,eng,O,UNK,UNK
n,E,eng,O,UNK,UNK
SPACE,S,x,O,UNK,UNK
o,B,eng,O,UNK,UNK
f,E,eng,O,UNK,UNK
SPACE,S,x,O,UNK,UNK
Z,B,eng,B-Test,UNK,UNK
B,M,eng,I-Test,UNK,UNK
E,M,eng,I-Test,UNK,UNK
D,M,eng,I-Test,UNK,UNK
NUM,E,eng,I-Test,UNK,UNK
SPACE,S,x,O,UNK,UNK
c,B,eng,O,UNK,UNK
a,M,eng,O,UNK,UNK
n,E,eng,O,UNK,UNK
SPACE,S,x,O,UNK,UNK
b,B,eng,O,UNK,UNK
e,E,eng,O,UNK,UNK
SPACE,S,x,O,UNK,UNK
r,B,eng,O,UNK,UNK
e,M,eng,O,UNK,UNK
g,M,eng,O,UNK,UNK
u,M,eng,O,UNK,UNK
l,M,eng,O,UNK,UNK
a,M,eng,O,UNK,UNK
t,M,eng,O,UNK,UNK
e,M,eng,O,UNK,UNK
d,E,eng,O,UNK,UNK
sep,sep,sep,sep,sep,sep
SPACE,S,x,O,UNK,UNK
b,B,eng,O,UNK,UNK
y,E,eng,O,UNK,UNK
SPACE,S,x,O,UNK,UNK
l,B,eng,O,UNK,UNK
i,M,eng,O,UNK,UNK
r,M,eng,O,UNK,UNK
a,M,eng,O,UNK,UNK
g,M,eng,O,UNK,UNK
l,M,eng,O,UNK,UNK
u,M,eng,O,UNK,UNK
t,M,eng,O,UNK,UNK
i,M,eng,O,UNK,UNK
d,M,eng,O,UNK,UNK
e,E,eng,O,UNK,UNK
",",S,x,O,UNK,UNK
sep,sep,sep,sep,sep,sep
SPACE,S,x,O,UNK,UNK
g,B,eng,O,UNK,UNK
l,M,eng,O,UNK,UNK
u,M,eng,O,UNK,UNK
c,M,eng,O,UNK,UNK
o,M,eng,O,UNK,UNK
s,M,eng,O,UNK,UNK
e,E,eng,O,UNK,UNK
",",S,x,O,UNK,UNK
SPACE,S,x,O,UNK,UNK
a,B,eng,O,UNK,UNK
n,M,eng,O,UNK,UNK
d,E,eng,O,UNK,UNK
LB,S,x,O,UNK,UNK
i,B,eng,O,UNK,UNK
n,M,eng,O,UNK,UNK
s,M,eng,O,UNK,UNK
u,M,eng,O,UNK,UNK
l,M,eng,O,UNK,UNK
i,M,eng,O,UNK,UNK
n,E,eng,O,UNK,UNK
.,S,m,O,UNK,UNK
sep,sep,sep,sep,sep,sep
SPACE,S,x,O,UNK,UNK
T,B,eng,O,UNK,UNK
h,M,eng,O,UNK,UNK
u,M,eng,O,UNK,UNK
s,E,eng,O,UNK,UNK
",",S,x,O,UNK,UNK
SPACE,S,x,O,UNK,UNK
Z,B,eng,B-Test,UNK,UNK
B,M,eng,I-Test,UNK,UNK
E,M,eng,I-Test,UNK,UNK
D,M,eng,I-Test,UNK,UNK
NUM,E,eng,I-Test,UNK,UNK
SPACE,S,x,O,UNK,UNK
m,B,eng,O,UNK,UNK
a,M,eng,O,UNK,UNK
y,E,eng,O,UNK,UNK
SPACE,S,x,O,UNK,UNK
p,B,eng,O,UNK,UNK
l,M,eng,O,UNK,UNK
a,M,eng,O,UNK,UNK
y,E,eng,O,UNK,UNK
SPACE,S,x,O,UNK,UNK
a,B,eng,O,UNK,UNK
n,E,eng,O,UNK,UNK
SPACE,S,x,O,UNK,UNK
i,B,eng,O,UNK,UNK
m,M,eng,O,UNK,UNK
p,M,eng,O,UNK,UNK
o,M,eng,O,UNK,UNK
r,M,eng,O,UNK,UNK
t,M,eng,O,UNK,UNK
a,M,eng,O,UNK,UNK
n,M,eng,O,UNK,UNK
t,E,eng,O,UNK,UNK
SPACE,S,x,O,UNK,UNK
r,B,eng,O,UNK,UNK
o,M,eng,O,UNK,UNK
l,M,eng,O,UNK,UNK
e,E,eng,O,UNK,UNK
SPACE,S,x,O,UNK,UNK
i,B,eng,O,UNK,UNK
n,E,eng,O,UNK,UNK
SPACE,S,x,O,UNK,UNK
c,B,eng,O,UNK,UNK
o,M,eng,O,UNK,UNK
n,M,eng,O,UNK,UNK
d,M,eng,O,UNK,UNK
i,M,eng,O,UNK,UNK
t,M,eng,O,UNK,UNK
i,M,eng,O,UNK,UNK
o,M,eng,O,UNK,UNK
n,M,eng,O,UNK,UNK
i,M,eng,O,UNK,UNK
n,M,eng,O,UNK,UNK
g,E,eng,O,UNK,UNK
SPACE,S,x,O,UNK,UNK
o,B,eng,O,UNK,UNK
f,E,eng,O,UNK,UNK
SPACE,S,x,O,UNK,UNK
h,B,eng,O,UNK,UNK
y,M,eng,O,UNK,UNK
p,M,eng,O,UNK,UNK
e,M,eng,O,UNK,UNK
r,M,eng,O,UNK,UNK
g,M,eng,O,UNK,UNK
l,M,eng,O,UNK,UNK
y,M,eng,O,UNK,UNK
c,M,eng,O,UNK,UNK
e,M,eng,O,UNK,UNK
m,M,eng,O,UNK,UNK
i,M,eng,O,UNK,UNK
a,E,eng,O,UNK,UNK
.,S,m,O,UNK,UNK
sep,sep,sep,sep,sep,sep
LB,S,x,O,UNK,UNK
[,S,x,O,UNK,UNK
K,B,eng,O,UNK,UNK
e,M,eng,O,UNK,UNK
y,E,eng,O,UNK,UNK
SPACE,S,x,O,UNK,UNK
w,B,eng,O,UNK,UNK
o,M,eng,O,UNK,UNK
r,M,eng,O,UNK,UNK
d,M,eng,O,UNK,UNK
s,E,eng,O,UNK,UNK
],S,x,O,UNK,UNK
SPACE,S,x,O,UNK,UNK
SPACE,S,x,O,UNK,UNK
Z,B,eng,O,UNK,UNK
i,M,eng,O,UNK,UNK
n,M,eng,O,UNK,UNK
c,E,eng,O,UNK,UNK
-,S,x,O,UNK,UNK
f,B,eng,O,UNK,UNK
i,M,eng,O,UNK,UNK
n,M,eng,O,UNK,UNK
g,M,eng,O,UNK,UNK
e,M,eng,O,UNK,UNK
r,E,eng,O,UNK,UNK
SPACE,S,x,O,UNK,UNK
B,B,eng,O,UNK,UNK
E,M,eng,O,UNK,UNK
D,E,eng,O,UNK,UNK
SPACE,S,x,O,UNK,UNK
d,B,eng,O,UNK,UNK
o,M,eng,O,UNK,UNK
m,M,eng,O,UNK,UNK
a,M,eng,O,UNK,UNK
i,M,eng,O,UNK,UNK
n,E,eng,O,UNK,UNK
-,S,x,O,UNK,UNK
c,B,eng,O,UNK,UNK
o,M,eng,O,UNK,UNK
n,M,eng,O,UNK,UNK
t,M,eng,O,UNK,UNK
a,M,eng,O,UNK,UNK
i,M,eng,O,UNK,UNK
n,M,eng,O,UNK,UNK
i,M,eng,O,UNK,UNK
n,M,eng,O,UNK,UNK
g,E,eng,O,UNK,UNK
SPACE,S,x,O,UNK,UNK
NUM,S,x,O,UNK,UNK
;,S,x,O,UNK,UNK
sep,sep,sep,sep,sep,sep
SPACE,S,x,O,UNK,UNK
G,B,eng,O,UNK,UNK
l,M,eng,O,UNK,UNK
u,M,eng,O,UNK,UNK
c,M,eng,O,UNK,UNK
o,M,eng,O,UNK,UNK
s,M,eng,O,UNK,UNK
e,E,eng,O,UNK,UNK
;,S,x,O,UNK,UNK
SPACE,S,x,O,UNK,UNK
I,B,eng,O,UNK,UNK
n,M,eng,O,UNK,UNK
s,M,eng,O,UNK,UNK
u,M,eng,O,UNK,UNK
l,M,eng,O,UNK,UNK
i,M,eng,O,UNK,UNK
n,E,eng,O,UNK,UNK
;,S,x,O,UNK,UNK
sep,sep,sep,sep,sep,sep
SPACE,S,x,O,UNK,UNK
L,B,eng,O,UNK,UNK
i,M,eng,O,UNK,UNK
r,M,eng,O,UNK,UNK
a,M,eng,O,UNK,UNK
g,M,eng,O,UNK,UNK
l,M,eng,O,UNK,UNK
u,M,eng,O,UNK,UNK
t,M,eng,O,UNK,UNK
i,M,eng,O,UNK,UNK
d,M,eng,O,UNK,UNK
e,E,eng,O,UNK,UNK
LB,S,x,O,UNK,UNK
(,S,x,O,UNK,UNK
C,B,eng,O,UNK,UNK
h,M,eng,O,UNK,UNK
i,M,eng,O,UNK,UNK
n,E,eng,O,UNK,UNK
SPACE,S,x,O,UNK,UNK
J,S,x,O,UNK,UNK
SPACE,S,x,O,UNK,UNK
E,B,eng,O,UNK,UNK
n,M,eng,O,UNK,UNK
d,M,eng,O,UNK,UNK
o,M,eng,O,UNK,UNK
c,M,eng,O,UNK,UNK
r,M,eng,O,UNK,UNK
i,M,eng,O,UNK,UNK
n,M,eng,O,UNK,UNK
o,M,eng,O,UNK,UNK
l,E,eng,O,UNK,UNK
SPACE,S,x,O,UNK,UNK
M,B,eng,O,UNK,UNK
e,M,eng,O,UNK,UNK
t,M,eng,O,UNK,UNK
a,M,eng,O,UNK,UNK
b,E,eng,O,UNK,UNK
",",S,x,O,UNK,UNK
sep,sep,sep,sep,sep,sep
SPACE,S,x,O,UNK,UNK
NUM,B,m,O,UNK,UNK
NUM,M,m,O,UNK,UNK
NUM,M,m,O,UNK,UNK
NUM,E,m,O,UNK,UNK
",",S,x,O,UNK,UNK
SPACE,S,x,O,UNK,UNK
NUM,B,m,O,UNK,UNK
NUM,E,m,O,UNK,UNK
:,S,x,O,UNK,UNK
SPACE,S,x,O,UNK,UNK
NUM,B,m,O,UNK,UNK
NUM,M,m,O,UNK,UNK
NUM,E,m,O,UNK,UNK
-,S,x,O,UNK,UNK
NUM,B,m,O,UNK,UNK
NUM,M,m,O,UNK,UNK
NUM,E,m,O,UNK,UNK
),S,x,O,UNK,UNK
LB,S,x,O,UNK,UNK
W,B,eng,B-Anatomy,UNK,UNK
n,M,eng,I-Anatomy,UNK,UNK
t,E,eng,I-Anatomy,UNK,UNK
SPACE,S,x,I-Anatomy,UNK,UNK
信,B,n,I-Anatomy,亻,xìn
号,E,n,I-Anatomy,口,hào
通,B,n,I-Anatomy,辶,tōng
路,E,n,I-Anatomy,足,lù
在,S,p,O,土,zài
细,B,n,O,纟,xì
胞,E,n,O,月,bāo
的,S,uj,O,白,dí
分,B,vn,O,刀,fēn
化,E,vn,O,亻,huà
、,S,x,O,UNK,UNK
增,B,v,O,土,zēng
殖,E,v,O,歹,zhí
、,S,x,O,UNK,UNK
凋,B,v,O,冫,diāo
亡,E,v,O,亠,wáng
、,S,x,O,UNK,UNK
细,B,n,O,纟,xì
胞,E,n,O,月,bāo
癌,S,zg,O,疒,ái
LB,S,x,O,UNK,UNK
变,S,v,O,又,biàn
、,S,x,O,UNK,UNK
肥,B,a,B-Disease,月,féi
胖,E,a,I-Disease,月,pàng
和,S,c,O,口,hé
糖,B,n,B-Disease,米,táng
尿,M,n,I-Disease,尸,niào
病,E,n,I-Disease,疒,bìng
、,S,x,O,UNK,UNK
肿,B,n,O,月,zhǒng
瘤,E,n,O,疒,liú
侵,B,v,O,亻,qīn
袭,E,v,O,衣,xí
等,S,u,O,竹,děng
病,B,n,O,疒,bìng
理,E,n,O,王,lǐ
生,B,vn,O,生,shēng
理,E,vn,O,王,lǐ
过,B,n,O,辶,guò
程,E,n,O,禾,chéng
中,S,f,O,丨,zhōng
起,S,v,O,走,qǐ
重,B,a,O,里,zhòng
要,E,a,O,覀,yào
LB,S,x,O,UNK,UNK
作,B,v,O,亻,zuò
用,E,v,O,用,yòng
。,S,x,O,UNK,UNK
sep,sep,sep,sep,sep,sep
SPACE,S,x,O,UNK,UNK
β,S,x,B-Anatomy,UNK,UNK
-,S,x,I-Anatomy,UNK,UNK
C,B,eng,I-Anatomy,UNK,UNK
a,M,eng,I-Anatomy,UNK,UNK
t,M,eng,I-Anatomy,UNK,UNK
e,M,eng,I-Anatomy,UNK,UNK
n,M,eng,I-Anatomy,UNK,UNK
i,M,eng,I-Anatomy,UNK,UNK
n,E,eng,I-Anatomy,UNK,UNK
SPACE,S,x,O,UNK,UNK
在,S,p,O,土,zài
SPACE,S,x,O,UNK,UNK
W,B,eng,B-Anatomy,UNK,UNK
n,M,eng,I-Anatomy,UNK,UNK
t,E,eng,I-Anatomy,UNK,UNK
SPACE,S,x,I-Anatomy,UNK,UNK
信,B,n,I-Anatomy,亻,xìn
号,E,n,I-Anatomy,口,hào
通,B,n,I-Anatomy,辶,tōng
路,E,n,I-Anatomy,足,lù
的,S,uj,O,白,dí
调,B,vn,O,讠,tiáo
控,E,vn,O,扌,kòng
中,S,f,O,丨,zhōng
处,B,v,O,夂,chǔ
于,E,v,O,二,yú
中,B,n,O,丨,zhōng
心,E,n,O,心,xīn
LB,S,x,O,UNK,UNK
地,B,n,O,土,dì
位,E,n,O,亻,wèi
。,S,x,O,UNK,UNK
sep,sep,sep,sep,sep,sep
SPACE,S,x,O,UNK,UNK
β,S,x,B-Anatomy,UNK,UNK
-,S,x,I-Anatomy,UNK,UNK
C,B,eng,I-Anatomy,UNK,UNK
a,M,eng,I-Anatomy,UNK,UNK
t,M,eng,I-Anatomy,UNK,UNK
e,M,eng,I-Anatomy,UNK,UNK
n,M,eng,I-Anatomy,UNK,UNK
i,M,eng,I-Anatomy,UNK,UNK
n,E,eng,I-Anatomy,UNK,UNK
SPACE,S,x,O,UNK,UNK
的,S,uj,O,白,dí
浓,B,n,O,氵,nóng
度,E,n,O,广,dù
受,S,v,O,又,shòu
SPACE,S,x,O,UNK,UNK
A,B,eng,B-Anatomy,UNK,UNK
x,M,eng,I-Anatomy,UNK,UNK
i,M,eng,I-Anatomy,UNK,UNK
n,E,eng,I-Anatomy,UNK,UNK
SPACE,S,x,I-Anatomy,UNK,UNK
/,S,x,I-Anatomy,UNK,UNK
SPACE,S,x,I-Anatomy,UNK,UNK
G,B,eng,I-Anatomy,UNK,UNK
S,M,eng,I-Anatomy,UNK,UNK
K,E,eng,I-Anatomy,UNK,UNK
-,S,x,I-Anatomy,UNK,UNK
NUM,S,x,I-Anatomy,UNK,UNK
SPACE,S,x,I-Anatomy,UNK,UNK
/,S,x,I-Anatomy,UNK,UNK
SPACE,S,x,I-Anatomy,UNK,UNK
A,B,eng,I-Anatomy,UNK,UNK
P,M,eng,I-Anatomy,UNK,UNK
C,E,eng,I-Anatomy,UNK,UNK
SPACE,S,x,I-Anatomy,UNK,UNK
复,B,n,I-Anatomy,夂,fù
合,M,n,I-Anatomy,口,hé
体,E,n,I-Anatomy,亻,tǐ
调,S,v,O,讠,tiáo
LB,S,x,O,UNK,UNK
控,S,v,O,扌,kòng
",",S,x,O,UNK,UNK
sep,sep,sep,sep,sep,sep
这,S,r,O,辶,zhè
一,S,m,O,一,yī
复,B,n,O,夂,fù
合,M,n,O,口,hé
体,E,n,O,亻,tǐ
由,S,p,O,田,yóu
SPACE,S,x,O,UNK,UNK
A,B,eng,B-Anatomy,UNK,UNK
x,M,eng,I-Anatomy,UNK,UNK
i,M,eng,I-Anatomy,UNK,UNK
n,E,eng,I-Anatomy,UNK,UNK
SPACE,S,x,I-Anatomy,UNK,UNK
蛋,B,n,I-Anatomy,虫,dàn
白,E,n,I-Anatomy,白,bái
(,S,x,O,UNK,UNK
轴,S,n,B-Anatomy,车,zhóu
蛋,B,n,I-Anatomy,虫,dàn
白,E,n,I-Anatomy,白,bái
),S,x,O,UNK,UNK
的,S,uj,O,白,dí
不,B,a,O,一,bù
同,E,a,O,口,tóng
区,B,n,O,匚,qū
域,E,n,O,土,yù
分,B,d,O,刀,fēn
别,E,d,O,刂,bié
LB,S,x,O,UNK,UNK
结,B,v,O,纟,jié
合,E,v,O,口,hé
SPACE,S,x,O,UNK,UNK
G,B,eng,B-Anatomy,UNK,UNK
S,M,eng,I-Anatomy,UNK,UNK
K,M,eng,I-Anatomy,UNK,UNK
NUM,E,eng,I-Anatomy,UNK,UNK
、,S,x,O,UNK,UNK
C,B,eng,B-Anatomy,UNK,UNK
K,M,eng,I-Anatomy,UNK,UNK
NUM,E,eng,I-Anatomy,UNK,UNK
-,S,x,I-Anatomy,UNK,UNK
α,S,x,I-Anatomy,UNK,UNK
、,S,x,O,UNK,UNK
β,S,x,B-Anatomy,UNK,UNK
-,S,x,I-Anatomy,UNK,UNK
C,B,eng,I-Anatomy,UNK,UNK
a,M,eng,I-Anatomy,UNK,UNK
t,M,eng,I-Anatomy,UNK,UNK
e,M,eng,I-Anatomy,UNK,UNK
n,M,eng,I-Anatomy,UNK,UNK
i,M,eng,I-Anatomy,UNK,UNK
n,E,eng,I-Anatomy,UNK,UNK
SPACE,S,x,O,UNK,UNK
形,B,v,O,彡,xíng
成,E,v,O,戈,chéng
[,S,x,O,UNK,UNK
NUM,S,x,O,UNK,UNK
],S,x,O,UNK,UNK
。,S,x,O,UNK,UNK
sep,sep,sep,sep,sep,sep
SPACE,S,x,O,UNK,UNK
A,B,eng,B-Anatomy,UNK,UNK
x,M,eng,I-Anatomy,UNK,UNK
i,M,eng,I-Anatomy,UNK,UNK
n,E,eng,I-Anatomy,UNK,UNK
SPACE,S,x,O,UNK,UNK
是,S,v,O,日,shì
一,B,m,O,一,yī
个,E,m,O,人,gè
轴,S,n,B-Anatomy,车,zhóu
LB,S,x,I-Anatomy,UNK,UNK
发,B,vn,I-Anatomy,又,fā
育,E,vn,I-Anatomy,月,yù
抑,B,v,I-Anatomy,扌,yì
制,E,v,I-Anatomy,刂,zhì
因,B,n,I-Anatomy,囗,yīn
子,E,n,I-Anatomy,子,zǐ
(,S,x,O,UNK,UNK
SPACE,S,x,O,UNK,UNK
a,B,eng,O,UNK,UNK
x,M,eng,O,UNK,UNK
i,M,eng,O,UNK,UNK
s,E,eng,O,UNK,UNK
SPACE,S,x,O,UNK,UNK
i,B,eng,O,UNK,UNK
n,M,eng,O,UNK,UNK
h,M,eng,O,UNK,UNK
i,M,eng,O,UNK,UNK
b,M,eng,O,UNK,UNK
i,M,eng,O,UNK,UNK
t,M,eng,O,UNK,UNK
o,M,eng,O,UNK,UNK
r,E,eng,O,UNK,UNK
),S,x,O,UNK,UNK
",",S,x,O,UNK,UNK
sep,sep,sep,sep,sep,sep
也,S,d,O,乙,yě
是,S,v,O,日,shì
一,B,m,O,一,yī
个,E,m,O,人,gè
肿,B,n,O,月,zhǒng
瘤,E,n,O,疒,liú
抑,B,v,O,扌,yì
制,E,v,O,刂,zhì
因,S,p,O,囗,yīn
LB,S,x,O,UNK,UNK
子,S,ng,O,子,zǐ
",",S,x,O,UNK,UNK
sep,sep,sep,sep,sep,sep
在,S,p,O,土,zài
个,B,l,O,人,gè
体,M,l,O,亻,tǐ
发,M,l,O,又,fā
育,E,l,O,月,yù
、,S,x,O,UNK,UNK
细,B,n,O,纟,xì
胞,E,n,O,月,bāo
增,B,v,O,土,zēng
殖,E,v,O,歹,zhí
及,S,c,O,又,jí
癌,B,n,O,疒,ái
变,E,n,O,又,biàn
等,S,u,O,竹,děng
过,B,n,O,辶,guò
程,E,n,O,禾,chéng
中,S,f,O,丨,zhōng
起,S,v,O,走,qǐ
着,S,uz,O,目,zhuó
关,B,n,O,丷,guān
键,E,n,O,钅,jiàn
作,S,v,O,亻,zuò
LB,S,x,O,UNK,UNK
用,S,p,O,用,yòng
[,S,x,O,UNK,UNK
NUM,S,x,O,UNK,UNK
],S,x,O,UNK,UNK
。,S,x,O,UNK,UNK
sep,sep,sep,sep,sep,sep
SPACE,S,x,O,UNK,UNK
而,S,c,O,而,ér
SPACE,S,x,O,UNK,UNK
A,B,eng,B-Anatomy,UNK,UNK
x,M,eng,I-Anatomy,UNK,UNK
i,M,eng,I-Anatomy,UNK,UNK
n,E,eng,I-Anatomy,UNK,UNK
SPACE,S,x,O,UNK,UNK
的,S,uj,O,白,dí
功,B,n,O,力,gōng
能,E,n,O,月,néng
通,B,d,O,辶,tōng
常,E,d,O,巾,cháng
通,B,p,O,辶,tōng
过,E,p,O,辶,guò
其,S,r,O,八,qí
配,B,n,O,酉,pèi
体,E,n,O,亻,tǐ
作,B,v,O,亻,zuò
用,E,v,O,用,yòng
得,B,v,O,彳,dé
以,E,v,O,人,yǐ
调,S,v,O,讠,tiáo
LB,S,x,O,UNK,UNK
节,S,t,O,艹,jié
[,S,x,O,UNK,UNK
NUM,S,x,O,UNK,UNK
],S,x,O,UNK,UNK
。,S,x,O,UNK,UNK
sep,sep,sep,sep,sep,sep
SPACE,S,x,O,UNK,UNK
最,B,f,O,曰,zuì
近,E,f,O,辶,jìn
研,B,vn,O,石,yán
究,E,vn,O,穴,jiū
显,B,v,O,日,xiǎn
示,E,v,O,示,shì
",",S,x,O,UNK,UNK
sep,sep,sep,sep,sep,sep
锌,B,nz,B-Anatomy,钅,xīn
指,E,nz,I-Anatomy,扌,zhǐ
蛋,B,n,I-Anatomy,虫,dàn
白,E,n,I-Anatomy,白,bái
SPACE,S,x,I-Anatomy,UNK,UNK
NUM,S,x,I-Anatomy,UNK,UNK
SPACE,S,x,O,UNK,UNK
(,S,x,O,UNK,UNK
SPACE,S,x,O,UNK,UNK
z,B,eng,O,UNK,UNK
i,M,eng,O,UNK,UNK
n,M,eng,O,UNK,UNK
c,E,eng,O,UNK,UNK
-,S,x,O,UNK,UNK
f,B,eng,O,UNK,UNK
i,M,eng,O,UNK,UNK
n,M,eng,O,UNK,UNK
g,M,eng,O,UNK,UNK
e,M,eng,O,UNK,UNK
r,E,eng,O,UNK,UNK
SPACE,S,x,O,UNK,UNK
B,B,eng,O,UNK,UNK
E,M,eng,O,UNK,UNK
D,E,eng,O,UNK,UNK
LB,S,x,O,UNK,UNK
d,B,eng,O,UNK,UNK
o,M,eng,O,UNK,UNK
m,M,eng,O,UNK,UNK
a,M,eng,O,UNK,UNK
i,M,eng,O,UNK,UNK
n,E,eng,O,UNK,UNK
-,S,x,O,UNK,UNK
c,B,eng,O,UNK,UNK
o,M,eng,O,UNK,UNK
n,M,eng,O,UNK,UNK
t,M,eng,O,UNK,UNK
a,M,eng,O,UNK,UNK
i,M,eng,O,UNK,UNK
n,M,eng,O,UNK,UNK
i,M,eng,O,UNK,UNK
n,M,eng,O,UNK,UNK
g,E,eng,O,UNK,UNK
SPACE,S,x,O,UNK,UNK
NUM,S,x,O,UNK,UNK
",",S,x,O,UNK,UNK
sep,sep,sep,sep,sep,sep
SPACE,S,x,O,UNK,UNK
Z,B,eng,B-Anatomy,UNK,UNK
B,M,eng,I-Anatomy,UNK,UNK
E,M,eng,I-Anatomy,UNK,UNK
D,M,eng,I-Anatomy,UNK,UNK
NUM,E,eng,I-Anatomy,UNK,UNK
),S,x,O,UNK,UNK
是,S,v,O,日,shì
一,B,m,O,一,yī
种,E,m,O,禾,zhǒng
新,S,a,O,斤,xīn
的,S,uj,O,白,dí
SPACE,S,x,O,UNK,UNK
A,B,eng,B-Anatomy,UNK,UNK
x,M,eng,I-Anatomy,UNK,UNK
i,M,eng,I-Anatomy,UNK,UNK
n,E,eng,I-Anatomy,UNK,UNK
SPACE,S,x,I-Anatomy,UNK,UNK
结,B,v,I-Anatomy,纟,jié
合,E,v,I-Anatomy,口,hé
蛋,S,n,I-Anatomy,虫,dàn
LB,S,x,I-Anatomy,UNK,UNK
白,S,a,I-Anatomy,白,bái
",",S,x,O,UNK,UNK
sep,sep,sep,sep,sep,sep
据,B,d,O,扌,jù
此,E,d,O,止,cǐ
推,B,v,O,扌,tuī
测,E,v,O,氵,cè
SPACE,S,x,O,UNK,UNK
Z,B,eng,B-Anatomy,UNK,UNK
B,M,eng,I-Anatomy,UNK,UNK
E,M,eng,I-Anatomy,UNK,UNK
D,M,eng,I-Anatomy,UNK,UNK
NUM,E,eng,I-Anatomy,UNK,UNK
SPACE,S,x,O,UNK,UNK
可,S,v,O,口,kě
通,B,p,O,辶,tōng
过,E,p,O,辶,guò
SPACE,S,x,O,UNK,UNK
W,B,eng,B-Anatomy,UNK,UNK
n,M,eng,I-Anatomy,UNK,UNK
t,E,eng,I-Anatomy,UNK,UNK
SPACE,S,x,I-Anatomy,UNK,UNK
信,B,n,I-Anatomy,亻,xìn
号,E,n,I-Anatomy,口,hào
通,B,n,O,辶,tōng
路,E,n,O,足,lù
参,B,v,O,厶,cān
与,E,v,O,一,yǔ
机,B,n,O,木,jī
体,E,n,O,亻,tǐ
的,S,uj,O,白,dí
LB,S,x,O,UNK,UNK
重,B,a,O,里,zhòng
要,E,a,O,覀,yào
生,B,vn,O,生,shēng
理,E,vn,O,王,lǐ
病,B,n,O,疒,bìng
理,E,n,O,王,lǐ
过,B,n,O,辶,guò
程,E,n,O,禾,chéng
。,S,x,O,UNK,UNK
sep,sep,sep,sep,sep,sep
SPACE,S,x,O,UNK,UNK
本,S,r,O,木,běn
研,B,n,O,石,yán
究,M,n,O,穴,jiū
组,E,n,O,纟,zǔ
前,B,f,O,刂,qián
期,E,f,O,月,qī
研,B,vn,O,石,yán
究,E,vn,O,穴,jiū
发,B,v,O,又,fā
现,E,v,O,见,xiàn
",",S,x,O,UNK,UNK
sep,sep,sep,sep,sep,sep
Z,B,eng,B-Anatomy,UNK,UNK
B,M,eng,I-Anatomy,UNK,UNK
E,M,eng,I-Anatomy,UNK,UNK
D,M,eng,I-Anatomy,UNK,UNK
NUM,E,eng,I-Anatomy,UNK,UNK
LB,S,x,O,UNK,UNK
作,B,v,O,亻,zuò
为,E,v,O,丶,wéi
一,B,m,O,一,yī
种,E,m,O,禾,zhǒng
新,S,a,O,斤,xīn
的,S,uj,O,白,dí
分,B,v,O,刀,fēn
泌,E,v,O,氵,mì
性,S,n,O,忄,xìng
蛋,B,n,O,虫,dàn
白,E,n,O,白,bái
",",S,x,O,UNK,UNK
sep,sep,sep,sep,sep,sep
与,S,p,O,一,yǔ
机,B,n,O,木,jī
体,E,n,O,亻,tǐ
胰,B,n,B-Reason,月,yí
岛,M,n,I-Reason,山,dǎo
素,E,n,I-Reason,糸,sù
抵,B,vn,I-Reason,扌,dǐ
抗,E,vn,I-Reason,扌,kàng
密,B,ad,O,宀,mì
切,E,ad,O,刀,qiē
相,S,v,O,目,xiāng
LB,S,x,O,UNK,UNK
关,S,v,O,丷,guān
[,S,x,O,UNK,UNK
NUM,S,x,O,UNK,UNK
],S,x,O,UNK,UNK
;,S,x,O,UNK,UNK
sep,sep,sep,sep,sep,sep
然,B,c,O,灬,rán
而,E,c,O,而,ér
",",S,x,O,UNK,UNK
关,B,p,O,丷,guān
于,E,p,O,二,yú
二,B,l,O,二,èr
者,M,l,O,耂,zhě
之,M,l,O,丶,zhī
间,E,l,O,门,jiān
具,B,a,O,八,jù
体,E,a,O,亻,tǐ
关,B,n,O,丷,guān
系,E,n,O,糸,xì
及,S,c,O,又,jí
作,B,v,O,亻,zuò
用,E,v,O,用,yòng
机,B,n,O,木,jī
制,E,n,O,刂,zhì
尚,S,d,O,小,shàng
不,S,d,O,一,bù
LB,S,x,O,UNK,UNK
完,B,ad,O,宀,wán
全,E,ad,O,入,quán
明,B,ad,O,日,míng
确,E,ad,O,石,què
。,S,x,O,UNK,UNK
sep,sep,sep,sep,sep,sep
SPACE,S,x,O,UNK,UNK
因,B,c,O,囗,yīn
此,E,c,O,止,cǐ
",",S,x,O,UNK,UNK
本,S,r,O,木,běn
研,B,vn,O,石,yán
究,E,vn,O,穴,jiū
拟,S,v,O,扌,nǐ
对,S,p,O,寸,duì
野,B,b,O,里,yě
生,E,b,O,生,shēng
小,B,n,O,小,xiǎo
鼠,E,n,O,鼠,shǔ
各,S,r,O,口,gè
组,B,v,O,纟,zǔ
织,E,v,O,纟,zhī
中,S,f,O,丨,zhōng
的,S,uj,O,白,dí
LB,S,x,O,UNK,UNK
Z,B,eng,B-Test,UNK,UNK
B,M,eng,I-Test,UNK,UNK
E,M,eng,I-Test,UNK,UNK
D,M,eng,I-Test,UNK,UNK
NUM,E,eng,I-Test,UNK,UNK
SPACE,S,x,O,UNK,UNK
表,B,v,O,衣,biǎo
达,E,v,O,辶,dá
进,B,v,O,辶,jìn
行,E,v,O,行,háng
检,B,vn,O,木,jiǎn
测,E,vn,O,氵,cè
;,S,x,O,UNK,UNK
sep,sep,sep,sep,sep,sep
采,B,v,O,采,cǎi
用,E,v,O,用,yòng
常,B,a,O,巾,cháng
见,E,a,O,见,jiàn
分,B,n,O,刀,fēn
子,M,n,O,子,zǐ
生,M,n,O,生,shēng
物,M,n,O,牜,wù
学,E,n,O,子,xué
手,B,n,O,手,shǒu
段,E,n,O,殳,duàn
对,S,p,O,寸,duì
作,S,n,O,亻,zuò
LB,S,x,O,UNK,UNK
为,S,p,O,丶,wéi
机,B,n,O,木,jī
体,E,n,O,亻,tǐ
糖,B,n,O,米,táng
脂,E,n,O,月,zhī
代,B,v,O,亻,dài
谢,E,v,O,讠,xiè
的,S,uj,O,白,dí
枢,B,n,O,木,shū
纽,E,n,O,纟,niǔ
—,S,x,O,UNK,UNK
—,S,x,O,UNK,UNK
—,S,x,O,UNK,UNK
肝,B,n,B-Anatomy,月,gān
脏,E,n,I-Anatomy,月,zàng
组,B,v,I-Anatomy,纟,zǔ
织,E,v,I-Anatomy,纟,zhī
中,S,f,O,丨,zhōng
的,S,uj,O,白,dí
SPACE,S,x,O,UNK,UNK
Z,B,eng,B-Test,UNK,UNK
B,M,eng,I-Test,UNK,UNK
E,M,eng,I-Test,UNK,UNK
D,M,eng,I-Test,UNK,UNK
NUM,E,eng,I-Test,UNK,UNK
SPACE,S,x,O,UNK,UNK
表,S,v,O,衣,biǎo
LB,S,x,O,UNK,UNK
达,S,v,O,辶,dá
进,B,v,O,辶,jìn
行,E,v,O,行,háng
检,B,vn,O,木,jiǎn
测,E,vn,O,氵,cè
",",S,x,O,UNK,UNK
sep,sep,sep,sep,sep,sep
进,B,c,O,辶,jìn
而,E,c,O,而,ér
初,B,d,O,刀,chū
步,E,d,O,止,bù
探,B,v,O,扌,tàn
讨,E,v,O,讠,tǎo
SPACE,S,x,O,UNK,UNK
Z,B,eng,B-Test,UNK,UNK
B,M,eng,I-Test,UNK,UNK
E,M,eng,I-Test,UNK,UNK
D,M,eng,I-Test,UNK,UNK
NUM,E,eng,I-Test,UNK,UNK
SPACE,S,x,O,UNK,UNK
在,S,p,O,土,zài
调,B,vn,O,讠,tiáo
节,E,vn,O,艹,jié
糖,S,zg,O,米,táng
代,B,v,O,亻,dài
谢,E,v,O,讠,xiè
中,S,f,O,丨,zhōng
发,S,v,O,又,fā
LB,S,x,O,UNK,UNK
挥,S,v,O,扌,huī
的,S,uj,O,白,dí
作,B,v,O,亻,zuò
用,E,v,O,用,yòng
",",S,x,O,UNK,UNK
sep,sep,sep,sep,sep,sep
以,B,f,O,人,yǐ
期,E,f,O,月,qī
为,S,p,O,丶,wéi
SPACE,S,x,O,UNK,UNK
NUM,S,x,B-Disease,UNK,UNK
SPACE,S,x,I-Disease,UNK,UNK
型,S,k,I-Disease,土,xíng
糖,B,n,I-Disease,米,táng
尿,M,n,I-Disease,尸,niào
病,E,n,I-Disease,疒,bìng
的,S,uj,O,白,dí
发,B,v,O,又,fā
生,E,v,O,生,shēng
发,B,vn,O,又,fā
展,E,vn,O,尸,zhǎn
提,B,v,O,扌,tí
供,E,v,O,亻,gōng
新,S,a,O,斤,xīn
的,S,uj,O,白,dí
理,S,n,O,王,lǐ
LB,S,x,O,UNK,UNK
论,S,zg,O,讠,lùn
基,B,n,O,土,jī
础,E,n,O,石,chǔ
。,S,x,O,UNK,UNK
sep,sep,sep,sep,sep,sep
LB,S,x,O,UNK,UNK
材,B,n,O,木,cái
料,E,n,O,斗,liào
和,S,c,O,口,hé
方,B,n,O,方,fāng
法,E,n,O,氵,fǎ
LB,S,x,O,UNK,UNK
一,S,m,O,一,yī
、,S,x,O,UNK,UNK
SPACE,S,x,O,UNK,UNK
动,B,n,O,力,dòng
物,E,n,O,牜,wù
饲,B,v,O,饣,sì
养,E,v,O,丷,yǎng
及,S,c,O,又,jí
分,B,vn,O,刀,fēn
组,E,vn,O,纟,zǔ
处,B,v,O,夂,chǔ
理,E,v,O,王,lǐ
sep,sep,sep,sep,sep,sep
LB,S,x,O,UNK,UNK
NUM,S,x,O,UNK,UNK
SPACE,S,x,O,UNK,UNK
周,B,nr,O,口,zhōu
龄,E,nr,O,齿,líng
雄,B,n,O,隹,xióng
性,E,n,O,忄,xìng
SPACE,S,x,O,UNK,UNK
d,B,eng,O,UNK,UNK
b,E,eng,O,UNK,UNK
SPACE,S,x,O,UNK,UNK
/,S,x,O,UNK,UNK
SPACE,S,x,O,UNK,UNK
d,B,eng,O,UNK,UNK
b,E,eng,O,UNK,UNK
SPACE,S,x,O,UNK,UNK
小,B,n,O,小,xiǎo
鼠,E,n,O,鼠,shǔ
(,S,x,O,UNK,UNK
购,B,v,O,贝,gòu
于,E,v,O,二,yú
北,B,nt,O,匕,běi
京,M,nt,O,亠,jīng
大,M,nt,O,大,dà
学,E,nt,O,子,xué
动,B,n,O,力,dòng
物,E,n,O,牜,wù
中,B,n,O,丨,zhōng
心,E,n,O,心,xīn
),S,x,O,UNK,UNK
sep,sep,sep,sep,sep,sep
LB,S,x,O,UNK,UNK
及,S,c,O,又,jí
SPACE,S,x,O,UNK,UNK
NUM,S,x,O,UNK,UNK
SPACE,S,x,O,UNK,UNK
周,B,nr,O,口,zhōu
龄,E,nr,O,齿,líng
雄,B,n,O,隹,xióng
性,E,n,O,忄,xìng
SPACE,S,x,O,UNK,UNK
C,B,eng,O,UNK,UNK
NUM,M,eng,O,UNK,UNK
NUM,M,eng,O,UNK,UNK
B,M,eng,O,UNK,UNK
L,E,eng,O,UNK,UNK
SPACE,S,x,O,UNK,UNK
/,S,x,O,UNK,UNK
SPACE,S,x,O,UNK,UNK
NUM,S,m,O,UNK,UNK
J,S,eng,O,UNK,UNK
SPACE,S,x,O,UNK,UNK
小,B,n,O,小,xiǎo
鼠,E,n,O,鼠,shǔ
(,S,x,O,UNK,UNK
购,B,v,O,贝,gòu
于,E,v,O,二,yú
重,B,ns,O,里,zhòng
庆,E,ns,O,广,qìng
医,B,n,O,匚,yī
科,M,n,O,禾,kē
大,M,n,O,大,dà
学,E,n,O,子,xué
动,S,v,O,力,dòng
sep,sep,sep,sep,sep,sep
LB,S,x,O,UNK,UNK
物,S,zg,O,牜,wù
中,B,n,O,丨,zhōng
心,E,n,O,心,xīn
),S,x,O,UNK,UNK
各,S,r,O,口,gè
SPACE,S,x,O,UNK,UNK
NUM,S,x,O,UNK,UNK
SPACE,S,x,O,UNK,UNK
只,S,d,O,口,zhī
",",S,x,O,UNK,UNK
分,B,d,O,刀,fēn
别,E,d,O,刂,bié
作,B,v,O,亻,zuò
为,E,v,O,丶,wéi
实,B,n,O,宀,shí
验,M,n,O,马,yàn
组,E,n,O,纟,zǔ
和,S,c,O,口,hé
对,B,n,O,寸,duì
照,M,n,O,灬,zhào
组,E,n,O,纟,zǔ
。,S,x,O,UNK,UNK
sep,sep,sep,sep,sep,sep
SPACE,S,x,O,UNK,UNK
实,B,vn,O,宀,shí
验,E,vn,O,马,yàn
前,S,f,O,刂,qián
LB,S,x,O,UNK,UNK
均,S,d,O,土,jūn
适,B,n,O,辶,shì
应,M,n,O,广,yīng
性,E,n,O,忄,xìng
喂,B,v,O,口,wèi
养,E,v,O,丷,yǎng
SPACE,S,x,O,UNK,UNK
NUM,S,x,O,UNK,UNK
SPACE,S,x,O,UNK,UNK
周,S,nr,O,口,zhōu
",",S,x,O,UNK,UNK
sep,sep,sep,sep,sep,sep
NUM,S,x,O,UNK,UNK
SPACE,S,x,O,UNK,UNK
组,S,zg,O,纟,zǔ
小,B,n,O,小,xiǎo
鼠,E,n,O,鼠,shǔ
分,B,v,O,刀,fēn
笼,E,v,O,龙,lóng
喂,B,v,O,口,wèi
养,E,v,O,丷,yǎng
",",S,x,O,UNK,UNK
sep,sep,sep,sep,sep,sep
普,B,nz,O,日,pǔ
通,E,nz,O,辶,tōng
饮,B,n,O,饣,yǐn
食,E,n,O,飠,shí
",",S,x,O,UNK,UNK
明,S,a,O,日,míng
LB,S,x,O,UNK,UNK
暗,S,d,O,日,àn
周,B,t,O,口,zhōu
期,E,t,O,月,qī
为,S,p,O,丶,wéi
SPACE,S,x,O,UNK,UNK
NUM,B,m,O,UNK,UNK
NUM,E,m,O,UNK,UNK
SPACE,S,x,O,UNK,UNK
h,S,x,O,UNK,UNK
(,S,x,O,UNK,UNK
NUM,S,x,O,UNK,UNK
SPACE,S,x,O,UNK,UNK
:,S,x,O,UNK,UNK
SPACE,S,x,O,UNK,UNK
NUM,B,m,O,UNK,UNK
NUM,E,m,O,UNK,UNK
SPACE,S,x,O,UNK,UNK
~,S,x,O,UNK,UNK
SPACE,S,x,O,UNK,UNK
NUM,B,m,O,UNK,UNK
NUM,E,m,O,UNK,UNK
SPACE,S,x,O,UNK,UNK
:,S,x,O,UNK,UNK
SPACE,S,x,O,UNK,UNK
NUM,B,m,O,UNK,UNK
NUM,E,m,O,UNK,UNK
),S,x,O,UNK,UNK
",",S,x,O,UNK,UNK
sep,sep,sep,sep,sep,sep
温,B,n,O,氵,wēn
度,M,n,O,广,dù
控,M,n,O,扌,kòng
制,E,n,O,刂,zhì
在,S,p,O,土,zài
(,S,x,O,UNK,UNK
NUM,B,m,O,UNK,UNK
NUM,E,m,O,UNK,UNK
SPACE,S,x,O,UNK,UNK
±,S,x,O,UNK,UNK
LB,S,x,O,UNK,UNK
NUM,S,x,O,UNK,UNK
),S,x,O,UNK,UNK
益,S,nr,O,皿,yì
。,S,x,O,UNK,UNK
sep,sep,sep,sep,sep,sep
SPACE,S,x,O,UNK,UNK
NUM,S,x,O,UNK,UNK
SPACE,S,x,O,UNK,UNK
周,B,t,O,口,zhōu
后,E,t,O,口,hòu
断,B,n,O,斤,duàn
颈,E,n,O,页,jǐng
处,B,v,O,夂,chǔ
死,E,v,O,歹,sǐ
",",S,x,O,UNK,UNK
sep,sep,sep,sep,sep,sep
采,B,v,O,采,cǎi
集,E,v,O,隹,jí
肝,B,n,B-Anatomy,月,gān
脏,E,n,I-Anatomy,月,zàng
用,B,v,O,用,yòng
于,E,v,O,二,yú
体,B,s,O,亻,tǐ
外,E,s,O,夕,wài
肝,S,n,B-Anatomy,月,gān
组,B,v,I-Anatomy,纟,zǔ
织,E,v,I-Anatomy,纟,zhī
原,S,n,O,厂,yuán
LB,S,x,O,UNK,UNK
代,S,q,O,亻,dài
培,B,v,O,土,péi
养,E,v,O,丷,yǎng
",",S,x,O,UNK,UNK
sep,sep,sep,sep,sep,sep
同,B,c,O,口,tóng
时,E,c,O,日,shí
取,S,v,O,又,qǔ
肌,B,n,B-Anatomy,月,jī
肉,E,n,I-Anatomy,肉,ròu
、,S,x,O,UNK,UNK
脾,B,n,B-Anatomy,月,pí
脏,E,n,I-Anatomy,月,zàng
、,S,x,O,UNK,UNK
肾,B,n,B-Anatomy,月,shèn
脏,E,n,I-Anatomy,月,zàng
、,S,x,O,UNK,UNK
脑,S,n,B-Anatomy,月,nǎo
、,S,x,O,UNK,UNK
脂,B,n,B-Anatomy,月,zhī
肪,E,n,I-Anatomy,月,fáng
、,S,x,O,UNK,UNK
心,B,n,B-Anatomy,心,xīn
脏,E,n,I-Anatomy,月,zàng
、,S,x,O,UNK,UNK
肺,S,n,B-Anatomy,月,fèi
等,S,u,O,竹,děng
LB,S,x,O,UNK,UNK
组,B,v,O,纟,zǔ
织,E,v,O,纟,zhī
器,B,n,O,口,qì
官,E,n,O,宀,guān
用,B,v,O,用,yòng
于,E,v,O,二,yú
总,S,b,O,心,zǒng
蛋,B,n,O,虫,dàn
白,E,n,O,白,bái
和,S,c,O,口,hé
SPACE,S,x,O,UNK,UNK
R,B,eng,O,UNK,UNK
N,M,eng,O,UNK,UNK
A,E,eng,O,UNK,UNK
SPACE,S,x,O,UNK,UNK
的,S,uj,O,白,dí
提,B,v,O,扌,tí
取,E,v,O,又,qǔ
。,S,x,O,UNK,UNK
sep,sep,sep,sep,sep,sep
SPACE,S,x,O,UNK,UNK
实,B,vn,O,宀,shí
验,E,vn,O,马,yàn
过,B,n,O,辶,guò
程,E,n,O,禾,chéng
中,S,f,O,丨,zhōng
对,S,p,O,寸,duì
LB,S,x,O,UNK,UNK
动,B,n,O,力,dòng
物,E,n,O,牜,wù
的,S,uj,O,白,dí
饲,B,v,O,饣,sì
养,E,v,O,丷,yǎng
及,S,c,O,又,jí
取,B,v,O,又,qǔ
材,E,v,O,木,cái
均,S,d,O,土,jūn
遵,B,v,O,辶,zūn
守,E,v,O,宀,shǒu
重,B,ns,O,里,zhòng
庆,E,ns,O,广,qìng
医,B,n,O,匚,yī
科,M,n,O,禾,kē
大,M,n,O,大,dà
学,E,n,O,子,xué
动,B,n,O,力,dòng
物,E,n,O,牜,wù
管,B,vn,O,竹,guǎn
理,E,vn,O,王,lǐ
与,S,p,O,一,yǔ
保,S,v,O,亻,bǎo
LB,S,x,O,UNK,UNK
护,S,v,O,扌,hù
的,S,uj,O,白,dí
有,B,vn,O,月,yǒu
关,E,vn,O,丷,guān
规,B,n,O,见,guī
定,E,n,O,宀,dìng
。,S,x,O,UNK,UNK
sep,sep,sep,sep,sep,sep
LB,S,x,O,UNK,UNK
二,S,m,O,二,èr
、,S,x,O,UNK,UNK
SPACE,S,x,O,UNK,UNK
方,B,n,O,方,fāng
法,E,n,O,氵,fǎ
LB,S,x,O,UNK,UNK
NUM,B,m,O,UNK,UNK
.,E,m,O,UNK,UNK
sep,sep,sep,sep,sep,sep
SPACE,S,x,O,UNK,UNK
小,B,n,O,小,xiǎo
鼠,E,n,O,鼠,shǔ
肝,B,n,B-Anatomy,月,gān
脏,E,n,I-Anatomy,月,zàng
组,B,v,I-Anatomy,纟,zǔ
织,E,v,I-Anatomy,纟,zhī
块,S,q,O,土,kuài
的,S,uj,O,白,dí
分,B,v,O,刀,fēn
离,E,v,O,亠,lí
及,S,c,O,又,jí
培,B,v,O,土,péi
养,E,v,O,丷,yǎng
:,S,x,O,UNK,UNK
分,B,d,O,刀,fēn
别,E,d,O,刂,bié
取,S,v,O,又,qǔ
SPACE,S,x,O,UNK,UNK
NUM,S,x,O,UNK,UNK
SPACE,S,x,O,UNK,UNK
组,B,l,O,纟,zǔ
小,E,l,O,小,xiǎo
LB,S,x,O,UNK,UNK
鼠,S,n,O,鼠,shǔ
肝,B,n,B-Anatomy,月,gān
脏,E,n,I-Anatomy,月,zàng
组,B,v,I-Anatomy,纟,zǔ
织,E,v,I-Anatomy,纟,zhī
SPACE,S,x,O,UNK,UNK
NUM,B,m,O,UNK,UNK
NUM,E,m,O,UNK,UNK
SPACE,S,x,O,UNK,UNK
m,B,eng,O,UNK,UNK
g,E,eng,O,UNK,UNK
",",S,x,O,UNK,UNK
sep,sep,sep,sep,sep,sep
利,B,n,O,刂,lì
用,E,n,O,用,yòng
SPACE,S,x,O,UNK,UNK
D,S,x,O,UNK,UNK
-,S,x,O,UNK,UNK
h,B,eng,O,UNK,UNK
a,M,eng,O,UNK,UNK
n,M,eng,O,UNK,UNK
k,E,eng,O,UNK,UNK
忆,S,nr,O,忄,yì
s,S,eng,O,UNK,UNK
SPACE,S,x,O,UNK,UNK
液,S,ng,O,氵,yè
(,S,x,O,UNK,UNK
G,B,eng,O,UNK,UNK
i,M,eng,O,UNK,UNK
b,M,eng,O,UNK,UNK
c,M,eng,O,UNK,UNK
o,E,eng,O,UNK,UNK
),S,x,O,UNK,UNK
轻,B,a,O,车,qīng
柔,E,a,O,木,róu
洗,B,v,O,氵,xǐ
涤,E,v,O,氵,dí
LB,S,x,O,UNK,UNK
NUM,S,x,O,UNK,UNK
SPACE,S,x,O,UNK,UNK
次,S,q,O,欠,cì
",",S,x,O,UNK,UNK
sep,sep,sep,sep,sep,sep
紫,B,b,O,糸,zǐ
外,E,b,O,夕,wài
照,B,v,O,灬,zhào
射,E,v,O,寸,shè
的,S,uj,O,白,dí
无,B,n,O,一,wú
菌,E,n,O,艹,jūn
滤,B,nz,O,氵,lǜ
纸,E,nz,O,纟,zhǐ
吸,B,v,O,口,xī
净,E,v,O,冫,jìng
组,B,v,O,纟,zǔ
织,E,v,O,纟,zhī
液,B,n,O,氵,yè
体,E,n,O,亻,tǐ
",",S,x,O,UNK,UNK
sep,sep,sep,sep,sep,sep
无,B,n,O,一,wú
菌,E,n,O,艹,jūn
方,B,n,O,方,fāng
式,E,n,O,弋,shì
将,S,d,O,寸,jiāng
LB,S,x,O,UNK,UNK
洗,B,v,O,氵,xǐ
涤,E,v,O,氵,dí
的,S,uj,O,白,dí
SPACE,S,x,O,UNK,UNK
NUM,B,m,O,UNK,UNK
NUM,E,m,O,UNK,UNK
SPACE,S,x,O,UNK,UNK
m,B,eng,O,UNK,UNK
g,E,eng,O,UNK,UNK
SPACE,S,x,O,UNK,UNK
肝,B,n,B-Anatomy,月,gān
脏,E,n,I-Anatomy,月,zàng
组,B,v,I-Anatomy,纟,zǔ
织,E,v,I-Anatomy,纟,zhī
平,B,a,O,干,píng
均,E,a,O,土,jūn
剪,B,v,O,刀,jiǎn
成,E,v,O,戈,chéng
约,S,d,O,纟,yuē
每,B,r,O,母,měi
块,E,r,O,土,kuài
SPACE,S,x,O,UNK,UNK
NUM,S,x,O,UNK,UNK
SPACE,S,x,O,UNK,UNK
m,B,eng,O,UNK,UNK
g,E,eng,O,UNK,UNK
",",S,x,O,UNK,UNK
sep,sep,sep,sep,sep,sep
置,B,v,O,罒,zhì
于,E,v,O,二,yú
温,S,nr,O,氵,wēn
LB,S,x,O,UNK,UNK
度,B,v,O,广,dù
为,E,v,O,丶,wéi
SPACE,S,x,O,UNK,UNK
NUM,B,m,O,UNK,UNK
NUM,E,m,O,UNK,UNK
℃,S,x,O,UNK,UNK
的,S,uj,O,白,dí
SPACE,S,x,O,UNK,UNK
D,S,x,O,UNK,UNK
-,S,x,O,UNK,UNK
H,B,eng,O,UNK,UNK
a,M,eng,O,UNK,UNK
n,M,eng,O,UNK,UNK
k,E,eng,O,UNK,UNK
忆,S,nr,O,忄,yì
s,S,eng,O,UNK,UNK
SPACE,S,x,O,UNK,UNK
溶,B,n,O,氵,róng
液,E,n,O,氵,yè
中,S,f,O,丨,zhōng
进,B,v,O,辶,jìn
行,E,v,O,行,háng
润,S,v,O,氵,rùn
洗,S,v,O,氵,xǐ
",",S,x,O,UNK,UNK
sep,sep,sep,sep,sep,sep
然,B,c,O,灬,rán
后,E,c,O,口,hòu
",",S,x,O,UNK,UNK
将,S,d,O,寸,jiāng
其,S,r,O,八,qí
均,S,d,O,土,jūn
LB,S,x,O,UNK,UNK
匀,S,v,O,勹,yún
置,B,v,O,罒,zhì
于,E,v,O,二,yú
含,B,v,O,口,hán
有,E,v,O,月,yǒu
SPACE,S,x,O,UNK,UNK
D,B,eng,O,UNK,UNK
M,M,eng,O,UNK,UNK
E,M,eng,O,UNK,UNK
M,E,eng,O,UNK,UNK
SPACE,S,x,O,UNK,UNK
培,B,n,O,土,péi
养,M,n,O,丷,yǎng
基,E,n,O,土,jī
(,S,x,O,UNK,UNK
G,B,eng,O,UNK,UNK
i,M,eng,O,UNK,UNK
b,M,eng,O,UNK,UNK
c,M,eng,O,UNK,UNK
o,E,eng,O,UNK,UNK
),S,x,O,UNK,UNK
的,S,uj,O,白,dí
六,S,m,O,八,liù
孔,B,n,O,子,kǒng
板,E,n,O,木,bǎn
中,S,f,O,丨,zhōng
进,B,v,O,辶,jìn
行,E,v,O,行,háng
无,S,v,O,一,wú
LB,S,x,O,UNK,UNK
菌,S,n,O,艹,jūn
培,B,v,O,土,péi
养,E,v,O,丷,yǎng
。,S,x,O,UNK,UNK
sep,sep,sep,sep,sep,sep
SPACE,S,x,O,UNK,UNK
按,B,p,O,扌,àn
照,E,p,O,灬,zhào
指,B,v,O,扌,zhǐ
定,E,v,O,宀,dìng
时,B,n,O,日,shí
间,E,n,O,门,jiān
给,B,v,O,纟,gěi
予,E,v,O,乙,yú
不,B,a,O,一,bù
同,E,a,O,口,tóng
浓,B,n,O,氵,nóng
度,E,n,O,广,dù
的,S,uj,O,白,dí
胰,B,n,B-Drug,月,yí
岛,M,n,I-Drug,山,dǎo
素,E,n,I-Drug,糸,sù
(,S,x,O,UNK,UNK
NUM,S,x,O,UNK,UNK
、,S,x,O,UNK,UNK
NUM,B,m,O,UNK,UNK
NUM,E,m,O,UNK,UNK
LB,S,x,O,UNK,UNK
及,S,c,O,又,jí
SPACE,S,x,O,UNK,UNK
NUM,B,m,O,UNK,UNK
NUM,M,m,O,UNK,UNK
NUM,E,m,O,UNK,UNK
SPACE,S,x,O,UNK,UNK
n,B,eng,O,UNK,UNK
m,M,eng,O,UNK,UNK
o,M,eng,O,UNK,UNK
l,E,eng,O,UNK,UNK
SPACE,S,x,O,UNK,UNK
/,S,x,O,UNK,UNK
SPACE,S,x,O,UNK,UNK
L,S,x,O,UNK,UNK
),S,x,O,UNK,UNK
或,S,c,O,戈,huò
葡,B,n,B-Drug,艹,pú
萄,M,n,I-Drug,艹,táo
糖,E,n,I-Drug,米,táng
(,S,x,O,UNK,UNK
NUM,S,x,O,UNK,UNK
、,S,x,O,UNK,UNK
NUM,B,m,O,UNK,UNK
NUM,E,m,O,UNK,UNK
、,S,x,O,UNK,UNK
NUM,B,m,O,UNK,UNK
NUM,E,m,O,UNK,UNK
SPACE,S,x,O,UNK,UNK
及,S,c,O,又,jí
SPACE,S,x,O,UNK,UNK
NUM,B,m,O,UNK,UNK
NUM,E,m,O,UNK,UNK
SPACE,S,x,O,UNK,UNK
m,B,eng,O,UNK,UNK
m,M,eng,O,UNK,UNK
o,M,eng,O,UNK,UNK
l,E,eng,O,UNK,UNK
SPACE,S,x,O,UNK,UNK
/,S,x,O,UNK,UNK
SPACE,S,x,O,UNK,UNK
L,S,x,O,UNK,UNK
),S,x,O,UNK,UNK
或,S,c,O,戈,huò
利,S,n,B-Drug,刂,lì
LB,S,x,I-Drug,UNK,UNK
拉,B,nrt,I-Drug,扌,lā
鲁,E,nrt,I-Drug,鱼,lǔ
肽,S,ng,I-Drug,月,tài
(,S,x,O,UNK,UNK
NUM,B,m,O,UNK,UNK
NUM,E,m,O,UNK,UNK
SPACE,S,x,O,UNK,UNK
及,S,c,O,又,jí
SPACE,S,x,O,UNK,UNK
NUM,B,m,O,UNK,UNK
NUM,M,m,O,UNK,UNK
NUM,E,m,O,UNK,UNK
SPACE,S,x,O,UNK,UNK
n,B,eng,O,UNK,UNK
m,M,eng,O,UNK,UNK
o,M,eng,O,UNK,UNK
l,E,eng,O,UNK,UNK
SPACE,S,x,O,UNK,UNK
/,S,x,O,UNK,UNK
SPACE,S,x,O,UNK,UNK
L,S,x,O,UNK,UNK
),S,x,O,UNK,UNK
分,B,d,O,刀,fēn
别,E,d,O,刂,bié
进,B,v,O,辶,jìn
行,E,v,O,行,háng
作,B,v,O,亻,zuò
用,E,v,O,用,yòng
",",S,x,O,UNK,UNK
sep,sep,sep,sep,sep,sep
无,B,n,O,一,wú
菌,E,n,O,艹,jūn
收,B,v,O,攵,shōu
集,E,v,O,隹,jí
培,S,v,O,土,péi
LB,S,x,O,UNK,UNK
养,S,v,O,丷,yǎng
的,S,uj,O,白,dí
组,B,v,O,纟,zǔ
织,E,v,O,纟,zhī
",",S,x,O,UNK,UNK
sep,sep,sep,sep,sep,sep
离,B,v,O,亠,lí
心,E,v,O,心,xīn
",",S,x,O,UNK,UNK
弃,S,vg,O,廾,qì
上,B,t,O,一,shàng
清,E,t,O,氵,qīng
",",S,x,O,UNK,UNK
sep,sep,sep,sep,sep,sep
留,B,v,O,田,liú
取,E,v,O,又,qǔ
组,B,v,O,纟,zǔ
织,E,v,O,纟,zhī
",",S,x,O,UNK,UNK
保,B,v,O,亻,bǎo
存,E,v,O,子,cún
于,S,p,O,二,yú
液,B,n,O,氵,yè
氮,E,n,O,气,dàn
中,S,f,O,丨,zhōng
用,B,v,O,用,yòng
于,E,v,O,二,yú
LB,S,x,O,UNK,UNK
检,B,vn,O,木,jiǎn
测,E,vn,O,氵,cè
蛋,B,n,O,虫,dàn
白,E,n,O,白,bái
表,B,v,O,衣,biǎo
达,E,v,O,辶,dá
。,S,x,O,UNK,UNK
sep,sep,sep,sep,sep,sep
LB,S,x,O,UNK,UNK
NUM,B,m,O,UNK,UNK
.,E,m,O,UNK,UNK
SPACE,S,x,O,UNK,UNK
荧,B,n,O,艹,yíng
光,E,n,O,儿,guāng
实,B,d,O,宀,shí
时,E,d,O,日,shí
定,B,n,O,宀,dìng
量,E,n,O,里,liáng
SPACE,S,x,O,UNK,UNK
P,B,eng,B-Test,UNK,UNK
C,M,eng,I-Test,UNK,UNK
R,E,eng,I-Test,UNK,UNK
SPACE,S,x,O,UNK,UNK
(,S,x,O,UNK,UNK
SPACE,S,x,O,UNK,UNK
R,B,eng,O,UNK,UNK
T,E,eng,O,UNK,UNK
-,S,x,O,UNK,UNK
P,B,eng,O,UNK,UNK
C,M,eng,O,UNK,UNK
R,E,eng,O,UNK,UNK
),S,x,O,UNK,UNK
SPACE,S,x,O,UNK,UNK
测,B,v,O,氵,cè
定,E,v,O,宀,dìng
SPACE,S,x,O,UNK,UNK
Z,B,eng,B-Test,UNK,UNK
B,M,eng,I-Test,UNK,UNK
E,M,eng,I-Test,UNK,UNK
D,M,eng,I-Test,UNK,UNK
NUM,E,eng,I-Test,UNK,UNK
LB,S,x,O,UNK,UNK
m,B,eng,O,UNK,UNK
R,M,eng,O,UNK,UNK
N,M,eng,O,UNK,UNK
A,E,eng,O,UNK,UNK
SPACE,S,x,O,UNK,UNK
表,B,v,O,衣,biǎo
达,E,v,O,辶,dá
:,S,x,O,UNK,UNK
取,S,v,O,又,qǔ
SPACE,S,x,O,UNK,UNK
C,B,eng,O,UNK,UNK
NUM,M,eng,O,UNK,UNK
NUM,M,eng,O,UNK,UNK
B,M,eng,O,UNK,UNK
L,E,eng,O,UNK,UNK
SPACE,S,x,O,UNK,UNK
/,S,x,O,UNK,UNK
SPACE,S,x,O,UNK,UNK
NUM,S,m,O,UNK,UNK
J,S,eng,O,UNK,UNK
SPACE,S,x,O,UNK,UNK
小,B,n,O,小,xiǎo
鼠,E,n,O,鼠,shǔ
肌,B,n,B-Anatomy,月,jī
肉,E,n,I-Anatomy,肉,ròu
、,S,x,O,UNK,UNK
脾,B,n,B-Anatomy,月,pí
脏,E,n,I-Anatomy,月,zàng
、,S,x,O,UNK,UNK
肾,B,n,B-Anatomy,月,shèn
脏,E,n,I-Anatomy,月,zàng
、,S,x,O,UNK,UNK
脑,S,n,B-Anatomy,月,nǎo
、,S,x,O,UNK,UNK
LB,S,x,O,UNK,UNK
脂,B,n,B-Anatomy,月,zhī
肪,E,n,I-Anatomy,月,fáng
、,S,x,O,UNK,UNK
SPACE,S,x,O,UNK,UNK
心,S,n,B-Anatomy,心,xīn
SPACE,S,x,I-Anatomy,UNK,UNK
脏,S,a,I-Anatomy,月,zàng
、,S,x,O,UNK,UNK
SPACE,S,x,O,UNK,UNK
肺,S,n,B-Anatomy,月,fèi
、,S,x,O,UNK,UNK
SPACE,S,x,O,UNK,UNK
肝,S,n,B-Anatomy,月,gān
SPACE,S,x,I-Anatomy,UNK,UNK
脏,S,a,I-Anatomy,月,zàng
SPACE,S,x,O,UNK,UNK
等,S,u,O,竹,děng
SPACE,S,x,O,UNK,UNK
组,S,zg,O,纟,zǔ
SPACE,S,x,O,UNK,UNK
织,S,v,O,纟,zhī
",",S,x,O,UNK,UNK
sep,sep,sep,sep,sep,sep
SPACE,S,x,O,UNK,UNK
采,S,v,O,采,cǎi
SPACE,S,x,O,UNK,UNK
用,S,p,O,用,yòng
SPACE,S,x,O,UNK,UNK
T,B,eng,O,UNK,UNK
r,M,eng,O,UNK,UNK
i,M,eng,O,UNK,UNK
z,M,eng,O,UNK,UNK
o,M,eng,O,UNK,UNK
l,E,eng,O,UNK,UNK
SPACE,S,x,O,UNK,UNK
(,S,x,O,UNK,UNK
SPACE,S,x,O,UNK,UNK
L,B,eng,O,UNK,UNK
i,M,eng,O,UNK,UNK
f,M,eng,O,UNK,UNK
e,E,eng,O,UNK,UNK
LB,S,x,O,UNK,UNK
t,B,eng,O,UNK,UNK
e,M,eng,O,UNK,UNK
c,M,eng,O,UNK,UNK
h,M,eng,O,UNK,UNK
n,M,eng,O,UNK,UNK
o,M,eng,O,UNK,UNK
l,M,eng,O,UNK,UNK
o,M,eng,O,UNK,UNK
g,M,eng,O,UNK,UNK
y,E,eng,O,UNK,UNK
",",S,x,O,UNK,UNK
sep,sep,sep,sep,sep,sep
美,S,ns,O,八,měi
SPACE,S,x,O,UNK,UNK
国,S,n,O,囗,guó
SPACE,S,x,O,UNK,UNK
),S,x,O,UNK,UNK
SPACE,S,x,O,UNK,UNK
提,S,v,O,扌,tí
SPACE,S,x,O,UNK,UNK
取,S,v,O,又,qǔ
SPACE,S,x,O,UNK,UNK
组,S,zg,O,纟,zǔ
SPACE,S,x,O,UNK,UNK
织,S,v,O,纟,zhī
SPACE,S,x,O,UNK,UNK
总,S,b,O,心,zǒng
SPACE,S,x,O,UNK,UNK
R,B,eng,O,UNK,UNK
N,M,eng,O,UNK,UNK
A,E,eng,O,UNK,UNK
",",S,x,O,UNK,UNK
sep,sep,sep,sep,sep,sep
SPACE,S,x,O,UNK,UNK
逆,S,vg,O,辶,nì
SPACE,S,x,O,UNK,UNK
转,S,v,O,车,zhuǎn
SPACE,S,x,O,UNK,UNK
录,S,zg,O,彐,lù
SPACE,S,x,O,UNK,UNK
合,S,v,O,口,hé
SPACE,S,x,O,UNK,UNK
成,S,n,O,戈,chéng
LB,S,x,O,UNK,UNK
c,B,eng,O,UNK,UNK
D,M,eng,O,UNK,UNK
N,M,eng,O,UNK,UNK
A,E,eng,O,UNK,UNK
",",S,x,O,UNK,UNK
sep,sep,sep,sep,sep,sep
采,B,v,O,采,cǎi
用,E,v,O,用,yòng
SPACE,S,x,O,UNK,UNK
S,B,eng,O,UNK,UNK
Y,M,eng,O,UNK,UNK
B,M,eng,O,UNK,UNK
R,E,eng,O,UNK,UNK
SPACE,S,x,O,UNK,UNK
G,B,eng,O,UNK,UNK
r,M,eng,O,UNK,UNK
e,M,eng,O,UNK,UNK
e,M,eng,O,UNK,UNK
n,E,eng,O,UNK,UNK
SPACE,S,x,O,UNK,UNK
I,S,x,O,UNK,UNK
SPACE,S,x,O,UNK,UNK
荧,B,n,O,艹,yíng
光,E,n,O,儿,guāng
染,B,n,O,木,rǎn
料,E,n,O,斗,liào
通,B,p,O,辶,tōng
过,E,p,O,辶,guò
实,B,d,O,宀,shí
时,E,d,O,日,shí
定,B,n,O,宀,dìng
量,E,n,O,里,liáng
SPACE,S,x,O,UNK,UNK
P,B,eng,B-Test,UNK,UNK
C,M,eng,I-Test,UNK,UNK
R,E,eng,I-Test,UNK,UNK
LB,S,x,O,UNK,UNK
方,B,n,O,方,fāng
法,E,n,O,氵,fǎ
检,B,vn,O,木,jiǎn
测,E,vn,O,氵,cè
SPACE,S,x,O,UNK,UNK
Z,B,eng,B-Test,UNK,UNK
B,M,eng,I-Test,UNK,UNK
E,M,eng,I-Test,UNK,UNK
D,M,eng,I-Test,UNK,UNK
NUM,E,eng,I-Test,UNK,UNK
SPACE,S,x,O,UNK,UNK
m,B,eng,O,UNK,UNK
R,M,eng,O,UNK,UNK
N,M,eng,O,UNK,UNK
A,E,eng,O,UNK,UNK
SPACE,S,x,O,UNK,UNK
表,B,v,O,衣,biǎo
达,E,v,O,辶,dá
",",S,x,O,UNK,UNK
sep,sep,sep,sep,sep,sep
引,B,n,O,弓,yǐn
物,E,n,O,牜,wù
序,B,n,O,广,xù
列,E,n,O,刂,liè
分,B,d,O,刀,fēn
别,E,d,O,刂,bié
为,S,p,O,丶,wéi
SPACE,S,x,O,UNK,UNK
NUM,S,x,O,UNK,UNK
',S,x,O,UNK,UNK
-,S,x,O,UNK,UNK
LB,S,x,O,UNK,UNK
A,B,eng,O,UNK,UNK
C,M,eng,O,UNK,UNK
T,M,eng,O,UNK,UNK
G,M,eng,O,UNK,UNK
G,M,eng,O,UNK,UNK
G,M,eng,O,UNK,UNK
C,M,eng,O,UNK,UNK
A,M,eng,O,UNK,UNK
C,M,eng,O,UNK,UNK
G,M,eng,O,UNK,UNK
C,M,eng,O,UNK,UNK
C,M,eng,O,UNK,UNK
T,M,eng,O,UNK,UNK
G,M,eng,O,UNK,UNK
T,M,eng,O,UNK,UNK
T,M,eng,O,UNK,UNK
G,M,eng,O,UNK,UNK
G,E,eng,O,UNK,UNK
-,S,x,O,UNK,UNK
NUM,S,x,O,UNK,UNK
',S,x,O,UNK,UNK
和,S,c,O,口,hé
SPACE,S,x,O,UNK,UNK
NUM,S,x,O,UNK,UNK
',S,x,O,UNK,UNK
-,S,x,O,UNK,UNK
C,B,eng,O,UNK,UNK
G,M,eng,O,UNK,UNK
G,M,eng,O,UNK,UNK
G,M,eng,O,UNK,UNK
G,M,eng,O,UNK,UNK
C,M,eng,O,UNK,UNK
T,M,eng,O,UNK,UNK
C,M,eng,O,UNK,UNK
T,M,eng,O,UNK,UNK
G,M,eng,O,UNK,UNK
C,M,eng,O,UNK,UNK
T,M,eng,O,UNK,UNK
T,E,eng,O,UNK,UNK
-,S,x,O,UNK,UNK
LB,S,x,O,UNK,UNK
C,B,eng,O,UNK,UNK
T,M,eng,O,UNK,UNK
T,M,eng,O,UNK,UNK
T,M,eng,O,UNK,UNK
A,E,eng,O,UNK,UNK
-,S,x,O,UNK,UNK
NUM,S,x,O,UNK,UNK
',S,x,O,UNK,UNK
",",S,x,O,UNK,UNK
sep,sep,sep,sep,sep,sep
以,S,p,O,人,yǐ
SPACE,S,x,O,UNK,UNK
β,S,x,O,UNK,UNK
-,S,x,O,UNK,UNK
a,B,eng,O,UNK,UNK
c,M,eng,O,UNK,UNK
t,M,eng,O,UNK,UNK
i,M,eng,O,UNK,UNK
n,E,eng,O,UNK,UNK
SPACE,S,x,O,UNK,UNK
为,S,p,O,丶,wéi
内,B,n,O,冂,nèi
参,E,n,O,厶,cān
",",S,x,O,UNK,UNK
sep,sep,sep,sep,sep,sep
引,B,n,O,弓,yǐn
物,E,n,O,牜,wù
序,B,n,O,广,xù
列,E,n,O,刂,liè
(,S,x,O,UNK,UNK
SPACE,S,x,O,UNK,UNK
I,B,eng,O,UNK,UNK
n,M,eng,O,UNK,UNK
v,M,eng,O,UNK,UNK
i,M,eng,O,UNK,UNK
t,M,eng,O,UNK,UNK
r,M,eng,O,UNK,UNK
o,M,eng,O,UNK,UNK
g,M,eng,O,UNK,UNK
e,M,eng,O,UNK,UNK
n,E,eng,O,UNK,UNK
",",S,x,O,UNK,UNK
sep,sep,sep,sep,sep,sep
上,S,f,O,一,shàng
LB,S,x,O,UNK,UNK
海,S,n,O,氵,hǎi
),S,x,O,UNK,UNK
分,B,d,O,刀,fēn
别,E,d,O,刂,bié
为,S,p,O,丶,wéi
SPACE,S,x,O,UNK,UNK
NUM,S,x,O,UNK,UNK
',S,x,O,UNK,UNK
-,S,x,O,UNK,UNK
G,B,eng,O,UNK,UNK
C,M,eng,O,UNK,UNK
T,M,eng,O,UNK,UNK
G,M,eng,O,UNK,UNK
T,M,eng,O,UNK,UNK
C,M,eng,O,UNK,UNK
C,M,eng,O,UNK,UNK
C,M,eng,O,UNK,UNK
T,M,eng,O,UNK,UNK
G,M,eng,O,UNK,UNK
T,M,eng,O,UNK,UNK
A,M,eng,O,UNK,UNK
T,M,eng,O,UNK,UNK
G,M,eng,O,UNK,UNK
C,M,eng,O,UNK,UNK
C,M,eng,O,UNK,UNK
T,M,eng,O,UNK,UNK
C,M,eng,O,UNK,UNK
T,E,eng,O,UNK,UNK
-,S,x,O,UNK,UNK
NUM,S,x,O,UNK,UNK
',S,x,O,UNK,UNK
和,S,c,O,口,hé
SPACE,S,x,O,UNK,UNK
NUM,S,x,O,UNK,UNK
',S,x,O,UNK,UNK
-,S,x,O,UNK,UNK
G,B,eng,O,UNK,UNK
A,M,eng,O,UNK,UNK
T,E,eng,O,UNK,UNK
-,S,x,O,UNK,UNK
LB,S,x,O,UNK,UNK
G,B,eng,O,UNK,UNK
T,M,eng,O,UNK,UNK
C,M,eng,O,UNK,UNK
A,M,eng,O,UNK,UNK
C,M,eng,O,UNK,UNK
G,M,eng,O,UNK,UNK
C,M,eng,O,UNK,UNK
A,M,eng,O,UNK,UNK
C,M,eng,O,UNK,UNK
G,M,eng,O,UNK,UNK
A,M,eng,O,UNK,UNK
T,M,eng,O,UNK,UNK
T,M,eng,O,UNK,UNK
T,M,eng,O,UNK,UNK
C,E,eng,O,UNK,UNK
-,S,x,O,UNK,UNK
NUM,S,x,O,UNK,UNK
',S,x,O,UNK,UNK
",",S,x,O,UNK,UNK
sep,sep,sep,sep,sep,sep
用,S,p,O,用,yòng
SPACE,S,x,O,UNK,UNK
NUM,S,x,O,UNK,UNK
-,S,x,O,UNK,UNK
△,S,x,O,UNK,UNK
△,S,x,O,UNK,UNK
C,B,eng,O,UNK,UNK
t,E,eng,O,UNK,UNK
SPACE,S,x,O,UNK,UNK
值,S,n,O,亻,zhí
计,B,v,O,讠,jì
算,E,v,O,竹,suàn
其,S,r,O,八,qí
相,B,d,O,目,xiāng
对,E,d,O,寸,duì
表,B,v,O,衣,biǎo
达,E,v,O,辶,dá
LB,S,x,O,UNK,UNK
量,S,n,O,里,liáng
。,S,x,O,UNK,UNK
sep,sep,sep,sep,sep,sep
LB,S,x,O,UNK,UNK
NUM,B,m,O,UNK,UNK
.,E,m,O,UNK,UNK
SPACE,S,x,O,UNK,UNK
W,B,eng,O,UNK,UNK
e,M,eng,O,UNK,UNK
s,M,eng,O,UNK,UNK
t,M,eng,O,UNK,UNK
e,M,eng,O,UNK,UNK
r,M,eng,O,UNK,UNK
n,E,eng,O,UNK,UNK
SPACE,S,x,O,UNK,UNK
印,B,n,O,卩,yìn
迹,E,n,O,辶,jì
法,S,j,O,氵,fǎ
检,B,vn,O,木,jiǎn
测,E,vn,O,氵,cè
SPACE,S,x,O,UNK,UNK
Z,B,eng,O,UNK,UNK
B,M,eng,O,UNK,UNK
E,M,eng,O,UNK,UNK
D,M,eng,O,UNK,UNK
NUM,E,eng,O,UNK,UNK
SPACE,S,x,O,UNK,UNK
蛋,B,n,O,虫,dàn
白,E,n,O,白,bái
表,B,v,O,衣,biǎo
达,E,v,O,辶,dá
:,S,x,O,UNK,UNK
提,B,v,O,扌,tí
取,E,v,O,又,qǔ
肝,S,n,B-Anatomy,月,gān
LB,S,x,I-Anatomy,UNK,UNK
脏,S,a,I-Anatomy,月,zàng
组,B,v,I-Anatomy,纟,zǔ
织,E,v,I-Anatomy,纟,zhī
",",S,x,O,UNK,UNK
sep,sep,sep,sep,sep,sep
±,S,x,O,UNK,UNK
比,B,n,O,比,bǐ
例,E,n,O,亻,lì
加,B,v,O,力,jiā
入,E,v,O,入,rù
蛋,B,n,O,虫,dàn
白,E,n,O,白,bái
裂,B,v,O,衣,liè
解,E,v,O,角,jiě
液,S,ng,O,氵,yè
(,S,x,O,UNK,UNK
R,B,eng,O,UNK,UNK
I,M,eng,O,UNK,UNK
P,M,eng,O,UNK,UNK
A,E,eng,O,UNK,UNK
),S,x,O,UNK,UNK
、,S,x,O,UNK,UNK
蛋,B,n,O,虫,dàn
白,M,n,O,白,bái
酶,E,n,O,酉,méi
抑,B,v,O,扌,yì
制,E,v,O,刂,zhì
LB,S,x,O,UNK,UNK
剂,S,zg,O,刂,jì
(,S,x,O,UNK,UNK
P,B,eng,O,UNK,UNK
M,M,eng,O,UNK,UNK
S,M,eng,O,UNK,UNK
F,E,eng,O,UNK,UNK
),S,x,O,UNK,UNK
NUM,S,x,O,UNK,UNK
℃,S,x,O,UNK,UNK
充,B,ad,O,亠,chōng
分,E,ad,O,刀,fēn
裂,B,v,O,衣,liè
解,E,v,O,角,jiě
SPACE,S,x,O,UNK,UNK
NUM,B,m,O,UNK,UNK
NUM,E,m,O,UNK,UNK
SPACE,S,x,O,UNK,UNK
m,B,eng,O,UNK,UNK
i,M,eng,O,UNK,UNK
n,E,eng,O,UNK,UNK
",",S,x,O,UNK,UNK
sep,sep,sep,sep,sep,sep
低,B,n,O,亻,dī
温,E,n,O,氵,wēn
SPACE,S,x,O,UNK,UNK
NUM,B,m,O,UNK,UNK
NUM,E,m,O,UNK,UNK
SPACE,S,x,O,UNK,UNK
NUM,B,m,O,UNK,UNK
NUM,M,m,O,UNK,UNK
NUM,E,m,O,UNK,UNK
SPACE,S,x,O,UNK,UNK
转,S,v,O,车,zhuǎn
SPACE,S,x,O,UNK,UNK
/,S,x,O,UNK,UNK
SPACE,S,x,O,UNK,UNK
m,B,eng,O,UNK,UNK
i,M,eng,O,UNK,UNK
n,E,eng,O,UNK,UNK
SPACE,S,x,O,UNK,UNK
离,S,v,O,亠,lí
LB,S,x,O,UNK,UNK
心,S,n,O,心,xīn
SPACE,S,x,O,UNK,UNK
NUM,B,m,O,UNK,UNK
NUM,E,m,O,UNK,UNK
SPACE,S,x,O,UNK,UNK
m,B,eng,O,UNK,UNK
i,M,eng,O,UNK,UNK
n,E,eng,O,UNK,UNK
",",S,x,O,UNK,UNK
sep,sep,sep,sep,sep,sep
留,B,v,O,田,liú
取,E,v,O,又,qǔ
上,S,f,O,一,shàng
清,S,t,O,氵,qīng
",",S,x,O,UNK,UNK
利,B,n,O,刂,lì
用,E,n,O,用,yòng
SPACE,S,x,O,UNK,UNK
B,B,eng,O,UNK,UNK
C,M,eng,O,UNK,UNK
A,E,eng,O,UNK,UNK
SPACE,S,x,O,UNK,UNK
法,S,j,O,氵,fǎ
检,B,vn,O,木,jiǎn
测,E,vn,O,氵,cè
蛋,B,n,O,虫,dàn
白,E,n,O,白,bái
浓,B,n,O,氵,nóng
度,E,n,O,广,dù
;,S,x,O,UNK,UNK
sep,sep,sep,sep,sep,sep
每,S,r,O,母,měi
泳,S,vg,O,氵,yǒng
LB,S,x,O,UNK,UNK
道,S,q,O,辶,dào
加,B,v,O,力,jiā
入,E,v,O,入,rù
约,S,d,O,纟,yuē
SPACE,S,x,O,UNK,UNK
NUM,B,m,O,UNK,UNK
NUM,E,m,O,UNK,UNK
SPACE,S,x,O,UNK,UNK
μ,S,x,O,UNK,UNK
g,S,x,O,UNK,UNK
SPACE,S,x,O,UNK,UNK
蛋,B,n,O,虫,dàn
白,E,n,O,白,bái
进,B,v,O,辶,jìn
行,E,v,O,行,háng
SPACE,S,x,O,UNK,UNK
S,B,eng,O,UNK,UNK
D,M,eng,O,UNK,UNK
S,E,eng,O,UNK,UNK
-,S,x,O,UNK,UNK
P,B,eng,O,UNK,UNK
A,M,eng,O,UNK,UNK
G,M,eng,O,UNK,UNK
E,E,eng,O,UNK,UNK
SPACE,S,x,O,UNK,UNK
蛋,B,n,O,虫,dàn
白,E,n,O,白,bái
电,B,n,O,田,diàn
泳,E,n,O,氵,yǒng
",",S,x,O,UNK,UNK
sep,sep,sep,sep,sep,sep
经,B,n,O,纟,jīng
湿,E,n,O,氵,shī
LB,S,x,O,UNK,UNK
转,B,v,O,车,zhuǎn
转,E,v,O,车,zhuǎn
于,S,p,O,二,yú
SPACE,S,x,O,UNK,UNK
P,B,eng,O,UNK,UNK
V,M,eng,O,UNK,UNK
D,M,eng,O,UNK,UNK
F,E,eng,O,UNK,UNK
SPACE,S,x,O,UNK,UNK
膜,S,n,O,月,mó
",",S,x,O,UNK,UNK
sep,sep,sep,sep,sep,sep
利,B,n,O,刂,lì
用,E,n,O,用,yòng
SPACE,S,x,O,UNK,UNK
NUM,S,x,O,UNK,UNK
%,S,x,O,UNK,UNK
脱,B,n,O,月,tuō
脂,M,n,O,月,zhī
奶,M,n,O,女,nǎi
粉,E,n,O,米,fěn
室,B,n,O,宀,shì
温,E,n,O,氵,wēn
封,B,v,O,寸,fēng
闭,E,v,O,门,bì
SPACE,S,x,O,UNK,UNK
NUM,S,x,O,UNK,UNK
SPACE,S,x,O,UNK,UNK
h,S,x,O,UNK,UNK
",",S,x,O,UNK,UNK
sep,sep,sep,sep,sep,sep
依,B,d,O,亻,yī
次,E,d,O,欠,cì
LB,S,x,O,UNK,UNK
加,B,v,O,力,jiā
入,E,v,O,入,rù
稀,B,v,O,禾,xī
释,E,v,O,采,shì
的,S,uj,O,白,dí
抗,S,vn,O,扌,kàng
SPACE,S,x,O,UNK,UNK
Z,B,eng,B-Test,UNK,UNK
B,M,eng,I-Test,UNK,UNK
E,M,eng,I-Test,UNK,UNK
D,M,eng,I-Test,UNK,UNK
NUM,E,eng,I-Test,UNK,UNK
(,S,x,O,UNK,UNK
A,B,eng,O,UNK,UNK
b,M,eng,O,UNK,UNK
c,M,eng,O,UNK,UNK
a,M,eng,O,UNK,UNK
m,E,eng,O,UNK,UNK
",",S,x,O,UNK,UNK
sep,sep,sep,sep,sep,sep
英,B,ns,O,艹,yīng
国,E,ns,O,囗,guó
),S,x,O,UNK,UNK
抗,B,n,O,扌,kàng
体,E,n,O,亻,tǐ
、,S,x,O,UNK,UNK
辣,B,n,O,辛,là
根,E,n,O,木,gēn
过,B,n,O,辶,guò
氧,E,n,O,气,yǎng
LB,S,x,O,UNK,UNK
化,B,n,O,亻,huà
物,M,n,O,牜,wù
酶,E,n,O,酉,méi
标,B,n,O,木,biāo
记,E,n,O,讠,jì
的,S,uj,O,白,dí
二,S,m,O,二,èr
抗,S,v,O,扌,kàng
进,B,v,O,辶,jìn
行,E,v,O,行,háng
反,B,vn,O,又,fǎn
应,E,vn,O,广,yīng
并,S,c,O,干,bìng
依,B,d,O,亻,yī
次,E,d,O,欠,cì
洗,B,v,O,氵,xǐ
脱,E,v,O,月,tuō
",",S,x,O,UNK,UNK
sep,sep,sep,sep,sep,sep
加,B,v,O,力,jiā
入,E,v,O,入,rù
化,B,n,O,亻,huà
学,E,n,O,子,xué
发,S,v,O,又,fā
LB,S,x,O,UNK,UNK
光,S,n,O,儿,guāng
试,B,n,O,讠,shì
剂,E,n,O,刂,jì
后,B,n,O,口,hòu
置,E,n,O,罒,zhì
化,B,n,O,亻,huà
学,M,n,O,子,xué
发,M,n,O,又,fā
光,E,n,O,儿,guāng
成,B,v,O,戈,chéng
像,E,v,O,亻,xiàng
系,B,n,O,糸,xì
统,E,n,O,纟,tǒng
进,B,v,O,辶,jìn
行,E,v,O,行,háng
成,B,v,O,戈,chéng
像,E,v,O,亻,xiàng
检,B,vn,O,木,jiǎn
测,E,vn,O,氵,cè
",",S,x,O,UNK,UNK
sep,sep,sep,sep,sep,sep
利,B,n,O,刂,lì
用,E,n,O,用,yòng
LB,S,x,O,UNK,UNK
Q,B,eng,O,UNK,UNK
u,M,eng,O,UNK,UNK
a,M,eng,O,UNK,UNK
n,M,eng,O,UNK,UNK
t,M,eng,O,UNK,UNK
i,M,eng,O,UNK,UNK
t,M,eng,O,UNK,UNK
y,E,eng,O,UNK,UNK
SPACE,S,x,O,UNK,UNK
O,B,eng,O,UNK,UNK
n,M,eng,O,UNK,UNK
e,E,eng,O,UNK,UNK
SPACE,S,x,O,UNK,UNK
软,B,n,O,车,ruǎn
件,E,n,O,亻,jiàn
进,B,v,O,辶,jìn
行,E,v,O,行,háng
图,B,n,O,囗,tú
像,E,n,O,亻,xiàng
灰,B,n,O,火,huī
度,E,n,O,广,dù
值,S,n,O,亻,zhí
分,B,vn,O,刀,fēn
析,E,vn,O,木,xī
",",S,x,O,UNK,UNK
sep,sep,sep,sep,sep,sep
以,S,p,O,人,yǐ
各,S,r,O,口,gè
目,B,n,O,目,mù
的,E,n,O,白,dí
与,S,p,O,一,yǔ
内,S,f,O,冂,nèi
LB,S,x,O,UNK,UNK
参,S,n,O,厶,cān
条,B,n,O,木,tiáo
带,E,n,O,巾,dài
灰,B,n,O,火,huī
度,E,n,O,广,dù
值,S,n,O,亻,zhí
之,S,u,O,丶,zhī
比,S,p,O,比,bǐ
表,B,v,O,衣,biǎo
示,E,v,O,示,shì
目,B,n,O,目,mù
的,E,n,O,白,dí
蛋,B,n,O,虫,dàn
白,E,n,O,白,bái
的,S,uj,O,白,dí
相,B,d,O,目,xiāng
对,E,d,O,寸,duì
表,B,v,O,衣,biǎo
达,E,v,O,辶,dá
量,S,n,O,里,liáng
。,S,x,O,UNK,UNK
sep,sep,sep,sep,sep,sep
LB,S,x,O,UNK,UNK
三,S,m,O,一,sān
、,S,x,O,UNK,UNK
SPACE,S,x,O,UNK,UNK
统,B,nt,O,纟,tǒng
计,M,nt,O,讠,jì
学,E,nt,O,子,xué
处,B,v,O,夂,chǔ
理,E,v,O,王,lǐ
sep,sep,sep,sep,sep,sep
LB,S,x,O,UNK,UNK
各,B,r,O,口,gè
项,E,r,O,页,xiàng
指,B,n,O,扌,zhǐ
标,E,n,O,木,biāo
均,S,d,O,土,jūn
以,S,p,O,人,yǐ
SPACE,S,x,O,UNK,UNK
x,S,x,O,UNK,UNK
-,S,x,O,UNK,UNK
±,S,x,O,UNK,UNK
SPACE,S,x,O,UNK,UNK
s,S,x,O,UNK,UNK
SPACE,S,x,O,UNK,UNK
表,B,v,O,衣,biǎo
示,E,v,O,示,shì
",",S,x,O,UNK,UNK
sep,sep,sep,sep,sep,sep
非,S,h,O,非,fēi
正,B,n,O,止,zhèng
态,M,n,O,心,tài
分,M,n,O,刀,fēn
布,E,n,O,巾,bù
数,B,n,O,攵,shù
据,E,n,O,扌,jù
采,B,v,O,采,cǎi
取,E,v,O,又,qǔ
自,S,p,O,自,zì
LB,S,x,O,UNK,UNK
然,S,c,O,灬,rán
对,B,n,O,寸,duì
数,E,n,O,攵,shù
转,B,v,O,车,zhuǎn
换,E,v,O,扌,huàn
。,S,x,O,UNK,UNK
sep,sep,sep,sep,sep,sep
SPACE,S,x,O,UNK,UNK
两,B,m,O,一,liǎng
组,E,m,O,纟,zǔ
间,S,f,O,门,jiān
比,B,d,O,比,bǐ
较,E,d,O,车,jiào
采,B,v,O,采,cǎi
用,E,v,O,用,yòng
SPACE,S,x,O,UNK,UNK
t,S,x,O,UNK,UNK
SPACE,S,x,O,UNK,UNK
检,B,vn,O,木,jiǎn
验,E,vn,O,马,yàn
",",S,x,O,UNK,UNK
sep,sep,sep,sep,sep,sep
多,B,m,O,夕,duō
组,E,m,O,纟,zǔ
间,S,f,O,门,jiān
比,B,d,O,比,bǐ
较,E,d,O,车,jiào
采,S,v,O,采,cǎi
LB,S,x,O,UNK,UNK
用,S,p,O,用,yòng
方,B,l,O,方,fāng
差,M,l,O,工,chà
分,M,l,O,刀,fēn
析,E,l,O,木,xī
",",S,x,O,UNK,UNK
sep,sep,sep,sep,sep,sep
组,S,q,O,纟,zǔ
内,S,f,O,冂,nèi
两,B,m,O,一,liǎng
两,E,m,O,一,liǎng
比,B,d,O,比,bǐ
较,E,d,O,车,jiào
采,B,v,O,采,cǎi
用,E,v,O,用,yòng
SPACE,S,x,O,UNK,UNK
S,B,eng,O,UNK,UNK
N,M,eng,O,UNK,UNK
K,E,eng,O,UNK,UNK
SPACE,S,x,O,UNK,UNK
法,S,j,O,氵,fǎ
。,S,x,O,UNK,UNK
sep,sep,sep,sep,sep,sep
SPACE,S,x,O,UNK,UNK
S,B,eng,O,UNK,UNK
P,M,eng,O,UNK,UNK
S,M,eng,O,UNK,UNK
S,E,eng,O,UNK,UNK
SPACE,S,x,O,UNK,UNK
NUM,B,m,O,UNK,UNK
NUM,M,m,O,UNK,UNK
.,E,m,O,UNK,UNK
SPACE,S,x,O,UNK,UNK
NUM,S,x,O,UNK,UNK
LB,S,x,O,UNK,UNK
统,B,v,O,纟,tǒng
计,E,v,O,讠,jì
软,B,n,O,车,ruǎn
件,E,n,O,亻,jiàn
处,B,v,O,夂,chǔ
理,E,v,O,王,lǐ
所,B,b,O,户,suǒ
有,E,b,O,月,yǒu
数,B,n,O,攵,shù
据,E,n,O,扌,jù
",",S,x,O,UNK,UNK
sep,sep,sep,sep,sep,sep
以,S,p,O,人,yǐ
SPACE,S,x,O,UNK,UNK
P,S,x,O,UNK,UNK
<,S,x,O,UNK,UNK
NUM,B,m,O,UNK,UNK
.,E,m,O,UNK,UNK
SPACE,S,x,O,UNK,UNK
NUM,B,m,O,UNK,UNK
NUM,E,m,O,UNK,UNK
SPACE,S,x,O,UNK,UNK
认,B,v,O,讠,rèn
为,E,v,O,丶,wéi
差,B,n,O,工,chà
异,E,n,O,廾,yì
有,S,v,O,月,yǒu
统,B,v,O,纟,tǒng
计,E,v,O,讠,jì
LB,S,x,O,UNK,UNK
学,S,n,O,子,xué
意,B,n,O,心,yì
义,E,n,O,丶,yì
。,S,x,O,UNK,UNK
sep,sep,sep,sep,sep,sep
LB,S,x,O,UNK,UNK
结,S,n,O,纟,jié
SPACE,S,x,O,UNK,UNK
SPACE,S,x,O,UNK,UNK
SPACE,S,x,O,UNK,UNK
SPACE,S,x,O,UNK,UNK
果,S,ng,O,木,guǒ
LB,S,x,O,UNK,UNK
一,S,m,O,一,yī
、,S,x,O,UNK,UNK
SPACE,S,x,O,UNK,UNK
C,B,eng,O,UNK,UNK
NUM,M,eng,O,UNK,UNK
NUM,M,eng,O,UNK,UNK
B,M,eng,O,UNK,UNK
L,E,eng,O,UNK,UNK
SPACE,S,x,O,UNK,UNK
/,S,x,O,UNK,UNK
SPACE,S,x,O,UNK,UNK
NUM,S,m,O,UNK,UNK
J,S,eng,O,UNK,UNK
SPACE,S,x,O,UNK,UNK
小,B,n,O,小,xiǎo
鼠,E,n,O,鼠,shǔ
各,S,r,O,口,gè
组,B,v,O,纟,zǔ
织,E,v,O,纟,zhī
SPACE,S,x,O,UNK,UNK
Z,B,eng,B-Test,UNK,UNK
B,M,eng,I-Test,UNK,UNK
E,M,eng,I-Test,UNK,UNK
D,M,eng,I-Test,UNK,UNK
NUM,E,eng,I-Test,UNK,UNK
SPACE,S,x,O,UNK,UNK
m,B,eng,O,UNK,UNK
R,M,eng,O,UNK,UNK
N,M,eng,O,UNK,UNK
A,E,eng,O,UNK,UNK
SPACE,S,x,O,UNK,UNK
的,S,uj,O,白,dí
相,B,d,O,目,xiāng
对,E,d,O,寸,duì
sep,sep,sep,sep,sep,sep
LB,S,x,O,UNK,UNK
表,B,v,O,衣,biǎo
达,E,v,O,辶,dá
水,B,n,O,水,shuǐ
平,E,n,O,干,píng
LB,S,x,O,UNK,UNK
通,B,p,O,辶,tōng
过,E,p,O,辶,guò
SPACE,S,x,O,UNK,UNK
R,B,eng,O,UNK,UNK
T,E,eng,O,UNK,UNK
-,S,x,O,UNK,UNK
P,B,eng,O,UNK,UNK
C,M,eng,O,UNK,UNK
R,E,eng,O,UNK,UNK
SPACE,S,x,O,UNK,UNK
对,S,p,O,寸,duì
SPACE,S,x,O,UNK,UNK
Z,B,eng,B-Test,UNK,UNK
B,M,eng,I-Test,UNK,UNK
E,M,eng,I-Test,UNK,UNK
D,M,eng,I-Test,UNK,UNK
NUM,E,eng,I-Test,UNK,UNK
SPACE,S,x,O,UNK,UNK
在,S,p,O,土,zài
SPACE,S,x,O,UNK,UNK
C,B,eng,O,UNK,UNK
NUM,M,eng,O,UNK,UNK
NUM,M,eng,O,UNK,UNK
B,M,eng,O,UNK,UNK
L,E,eng,O,UNK,UNK
SPACE,S,x,O,UNK,UNK
/,S,x,O,UNK,UNK
SPACE,S,x,O,UNK,UNK
NUM,S,m,O,UNK,UNK
J,S,eng,O,UNK,UNK
SPACE,S,x,O,UNK,UNK
小,B,n,O,小,xiǎo
鼠,E,n,O,鼠,shǔ
多,B,m,O,夕,duō
个,E,m,O,人,gè
组,S,zg,O,纟,zǔ
sep,sep,sep,sep,sep,sep
LB,S,x,O,UNK,UNK
织,S,v,O,纟,zhī
中,S,f,O,丨,zhōng
的,S,uj,O,白,dí
表,B,v,O,衣,biǎo
达,E,v,O,辶,dá
进,B,v,O,辶,jìn
行,E,v,O,行,háng
检,B,vn,O,木,jiǎn
测,E,vn,O,氵,cè
",",S,x,O,UNK,UNK
sep,sep,sep,sep,sep,sep
如,S,v,O,女,rú
图,S,n,O,囗,tú
SPACE,S,x,O,UNK,UNK
NUM,S,x,O,UNK,UNK
SPACE,S,x,O,UNK,UNK
所,B,v,O,户,suǒ
示,E,v,O,示,shì
",",S,x,O,UNK,UNK
sep,sep,sep,sep,sep,sep
其,B,r,O,八,qí
中,E,r,O,丨,zhōng
肌,B,n,B-Anatomy,月,jī
肉,E,n,I-Anatomy,肉,ròu
、,S,x,O,UNK,UNK
脾,B,n,B-Anatomy,月,pí
脏,E,n,I-Anatomy,月,zàng
、,S,x,O,UNK,UNK
肾,S,zg,B-Anatomy,月,shèn
LB,S,x,I-Anatomy,UNK,UNK
脏,S,a,I-Anatomy,月,zàng
、,S,x,O,UNK,UNK
脑,S,n,B-Anatomy,月,nǎo
、,S,x,O,UNK,UNK
脂,B,n,B-Anatomy,月,zhī
肪,E,n,I-Anatomy,月,fáng
、,S,x,O,UNK,UNK
心,B,n,B-Anatomy,心,xīn
脏,E,n,I-Anatomy,月,zàng
、,S,x,O,UNK,UNK
肺,S,n,B-Anatomy,月,fèi
、,S,x,O,UNK,UNK
肝,B,n,B-Anatomy,月,gān
脏,E,n,I-Anatomy,月,zàng
均,S,d,O,土,jūn
有,S,v,O,月,yǒu
SPACE,S,x,O,UNK,UNK
Z,B,eng,B-Anatomy,UNK,UNK
B,M,eng,I-Anatomy,UNK,UNK
E,M,eng,I-Anatomy,UNK,UNK
D,M,eng,I-Anatomy,UNK,UNK
NUM,E,eng,I-Anatomy,UNK,UNK
SPACE,S,x,O,UNK,UNK
表,B,v,O,衣,biǎo
达,E,v,O,辶,dá
",",S,x,O,UNK,UNK
sep,sep,sep,sep,sep,sep
以,S,p,O,人,yǐ
肌,B,n,B-Anatomy,月,jī
肉,E,n,I-Anatomy,肉,ròu
LB,S,x,O,UNK,UNK
表,B,v,O,衣,biǎo
达,E,v,O,辶,dá
最,B,a,O,曰,zuì
高,E,a,O,高,gāo
",",S,x,O,UNK,UNK
sep,sep,sep,sep,sep,sep
肝,B,n,B-Anatomy,月,gān
脏,E,n,I-Anatomy,月,zàng
表,B,v,O,衣,biǎo
达,E,v,O,辶,dá
最,B,a,O,曰,zuì
低,E,a,O,亻,dī
。,S,x,O,UNK,UNK
sep,sep,sep,sep,sep,sep
LB,S,x,O,UNK,UNK
注,S,v,O,氵,zhù
:,S,x,O,UNK,UNK
Z,B,eng,B-Test,UNK,UNK
B,M,eng,I-Test,UNK,UNK
E,M,eng,I-Test,UNK,UNK
D,M,eng,I-Test,UNK,UNK
NUM,E,eng,I-Test,UNK,UNK
:,S,x,O,UNK,UNK
锌,B,nz,O,钅,xīn
指,E,nz,O,扌,zhǐ
蛋,B,n,O,虫,dàn
白,E,n,O,白,bái
SPACE,S,x,O,UNK,UNK
NUM,S,x,O,UNK,UNK
SPACE,S,x,O,UNK,UNK
Z,B,eng,O,UNK,UNK
i,M,eng,O,UNK,UNK
n,M,eng,O,UNK,UNK
c,E,eng,O,UNK,UNK
-,S,x,O,UNK,UNK
f,B,eng,O,UNK,UNK
i,M,eng,O,UNK,UNK
n,M,eng,O,UNK,UNK
g,M,eng,O,UNK,UNK
e,M,eng,O,UNK,UNK
r,E,eng,O,UNK,UNK
SPACE,S,x,O,UNK,UNK
B,B,eng,O,UNK,UNK
E,M,eng,O,UNK,UNK
D,E,eng,O,UNK,UNK
SPACE,S,x,O,UNK,UNK
d,B,eng,O,UNK,UNK
o,M,eng,O,UNK,UNK
m,M,eng,O,UNK,UNK
a,M,eng,O,UNK,UNK
i,M,eng,O,UNK,UNK
n,E,eng,O,UNK,UNK
-,S,x,O,UNK,UNK
c,B,eng,O,UNK,UNK
o,M,eng,O,UNK,UNK
n,M,eng,O,UNK,UNK
t,M,eng,O,UNK,UNK
a,M,eng,O,UNK,UNK
i,M,eng,O,UNK,UNK
n,M,eng,O,UNK,UNK
i,M,eng,O,UNK,UNK
n,M,eng,O,UNK,UNK
g,E,eng,O,UNK,UNK
SPACE,S,x,O,UNK,UNK
NUM,S,x,O,UNK,UNK
sep,sep,sep,sep,sep,sep
LB,S,x,O,UNK,UNK
图,S,n,O,囗,tú
SPACE,S,x,O,UNK,UNK
NUM,S,x,O,UNK,UNK
SPACE,S,x,O,UNK,UNK
SPACE,S,x,O,UNK,UNK
Z,B,eng,B-Test,UNK,UNK
B,M,eng,I-Test,UNK,UNK
E,M,eng,I-Test,UNK,UNK
D,M,eng,I-Test,UNK,UNK
NUM,E,eng,I-Test,UNK,UNK
SPACE,S,x,O,UNK,UNK
在,S,p,O,土,zài
SPACE,S,x,O,UNK,UNK
C,B,eng,O,UNK,UNK
NUM,M,eng,O,UNK,UNK
NUM,M,eng,O,UNK,UNK
B,M,eng,O,UNK,UNK
L,E,eng,O,UNK,UNK
SPACE,S,x,O,UNK,UNK
/,S,x,O,UNK,UNK
SPACE,S,x,O,UNK,UNK
NUM,S,m,O,UNK,UNK
J,S,eng,O,UNK,UNK
SPACE,S,x,O,UNK,UNK
各,S,r,O,口,gè
组,B,v,O,纟,zǔ
织,E,v,O,纟,zhī
中,S,f,O,丨,zhōng
的,S,uj,O,白,dí
SPACE,S,x,O,UNK,UNK
m,B,eng,O,UNK,UNK
R,M,eng,O,UNK,UNK
N,M,eng,O,UNK,UNK
A,E,eng,O,UNK,UNK
SPACE,S,x,O,UNK,UNK
相,B,d,O,目,xiāng
对,E,d,O,寸,duì
表,B,v,O,衣,biǎo
达,E,v,O,辶,dá
分,B,v,O,刀,fēn
布,E,v,O,巾,bù
sep,sep,sep,sep,sep,sep
LB,S,x,O,UNK,UNK
F,B,eng,O,UNK,UNK
i,M,eng,O,UNK,UNK
g,E,eng,O,UNK,UNK
SPACE,S,x,O,UNK,UNK
NUM,S,x,O,UNK,UNK
SPACE,S,x,O,UNK,UNK
SPACE,S,x,O,UNK,UNK
T,B,eng,O,UNK,UNK
h,M,eng,O,UNK,UNK
e,E,eng,O,UNK,UNK
SPACE,S,x,O,UNK,UNK
t,B,eng,O,UNK,UNK
i,M,eng,O,UNK,UNK
s,M,eng,O,UNK,UNK
s,M,eng,O,UNK,UNK
u,M,eng,O,UNK,UNK
e,E,eng,O,UNK,UNK
SPACE,S,x,O,UNK,UNK
d,B,eng,O,UNK,UNK
i,M,eng,O,UNK,UNK
s,M,eng,O,UNK,UNK
t,M,eng,O,UNK,UNK
r,M,eng,O,UNK,UNK
i,M,eng,O,UNK,UNK
b,M,eng,O,UNK,UNK
u,M,eng,O,UNK,UNK
t,M,eng,O,UNK,UNK
i,M,eng,O,UNK,UNK
o,M,eng,O,UNK,UNK
n,E,eng,O,UNK,UNK
SPACE,S,x,O,UNK,UNK
o,B,eng,O,UNK,UNK
f,E,eng,O,UNK,UNK
SPACE,S,x,O,UNK,UNK
Z,B,eng,B-Test,UNK,UNK
B,M,eng,I-Test,UNK,UNK
E,M,eng,I-Test,UNK,UNK
D,M,eng,I-Test,UNK,UNK
NUM,E,eng,I-Test,UNK,UNK
SPACE,S,x,O,UNK,UNK
m,B,eng,O,UNK,UNK
R,M,eng,O,UNK,UNK
N,M,eng,O,UNK,UNK
A,E,eng,O,UNK,UNK
SPACE,S,x,O,UNK,UNK
i,B,eng,O,UNK,UNK
n,E,eng,O,UNK,UNK
SPACE,S,x,O,UNK,UNK
C,B,eng,O,UNK,UNK
NUM,M,eng,O,UNK,UNK
NUM,M,eng,O,UNK,UNK
B,M,eng,O,UNK,UNK
L,E,eng,O,UNK,UNK
SPACE,S,x,O,UNK,UNK
/,S,x,O,UNK,UNK
SPACE,S,x,O,UNK,UNK
NUM,S,m,O,UNK,UNK
J,S,eng,O,UNK,UNK
SPACE,S,x,O,UNK,UNK
m,B,eng,O,UNK,UNK
i,M,eng,O,UNK,UNK
c,M,eng,O,UNK,UNK
e,E,eng,O,UNK,UNK
sep,sep,sep,sep,sep,sep
LB,S,x,O,UNK,UNK
二,S,m,O,二,èr
、,S,x,O,UNK,UNK
SPACE,S,x,O,UNK,UNK
C,B,eng,O,UNK,UNK
NUM,M,eng,O,UNK,UNK
NUM,M,eng,O,UNK,UNK
B,M,eng,O,UNK,UNK
L,E,eng,O,UNK,UNK
SPACE,S,x,O,UNK,UNK
/,S,x,O,UNK,UNK
SPACE,S,x,O,UNK,UNK
NUM,S,m,O,UNK,UNK
J,S,eng,O,UNK,UNK
SPACE,S,x,O,UNK,UNK
小,B,n,O,小,xiǎo
鼠,E,n,O,鼠,shǔ
与,S,p,O,一,yǔ
SPACE,S,x,O,UNK,UNK
d,B,eng,O,UNK,UNK
b,E,eng,O,UNK,UNK
SPACE,S,x,O,UNK,UNK
/,S,x,O,UNK,UNK
SPACE,S,x,O,UNK,UNK
d,B,eng,O,UNK,UNK
b,E,eng,O,UNK,UNK
SPACE,S,x,O,UNK,UNK
小,S,a,O,小,xiǎo
SPACE,S,x,O,UNK,UNK
鼠,S,n,O,鼠,shǔ
SPACE,S,x,O,UNK,UNK
肝,S,n,B-Anatomy,月,gān
SPACE,S,x,I-Anatomy,UNK,UNK
脏,S,a,I-Anatomy,月,zàng
SPACE,S,x,I-Anatomy,UNK,UNK
组,S,zg,I-Anatomy,纟,zǔ
SPACE,S,x,I-Anatomy,UNK,UNK
织,S,v,I-Anatomy,纟,zhī
sep,sep,sep,sep,sep,sep
LB,S,x,O,UNK,UNK
Z,B,eng,B-Anatomy,UNK,UNK
B,M,eng,I-Anatomy,UNK,UNK
E,M,eng,I-Anatomy,UNK,UNK
D,M,eng,I-Anatomy,UNK,UNK
NUM,E,eng,I-Anatomy,UNK,UNK
SPACE,S,x,O,UNK,UNK
蛋,B,n,O,虫,dàn
白,E,n,O,白,bái
表,B,v,O,衣,biǎo
达,E,v,O,辶,dá
差,B,n,O,工,chà
异,E,n,O,廾,yì
sep,sep,sep,sep,sep,sep
LB,S,x,O,UNK,UNK
如,S,v,O,女,rú
图,S,n,O,囗,tú
SPACE,S,x,O,UNK,UNK
NUM,S,x,O,UNK,UNK
SPACE,S,x,O,UNK,UNK
所,B,v,O,户,suǒ
示,E,v,O,示,shì
",",S,x,O,UNK,UNK
sep,sep,sep,sep,sep,sep
d,B,eng,O,UNK,UNK
b,E,eng,O,UNK,UNK
SPACE,S,x,O,UNK,UNK
/,S,x,O,UNK,UNK
SPACE,S,x,O,UNK,UNK
d,B,eng,O,UNK,UNK
b,E,eng,O,UNK,UNK
SPACE,S,x,O,UNK,UNK
小,B,n,O,小,xiǎo
鼠,E,n,O,鼠,shǔ
肝,B,n,B-Anatomy,月,gān
脏,E,n,I-Anatomy,月,zàng
组,B,v,I-Anatomy,纟,zǔ
织,E,v,I-Anatomy,纟,zhī
中,S,f,O,丨,zhōng
SPACE,S,x,O,UNK,UNK
Z,B,eng,B-Test,UNK,UNK
B,M,eng,I-Test,UNK,UNK
E,M,eng,I-Test,UNK,UNK
D,M,eng,I-Test,UNK,UNK
NUM,E,eng,I-Test,UNK,UNK
SPACE,S,x,O,UNK,UNK
蛋,B,n,O,虫,dàn
白,E,n,O,白,bái
LB,S,x,O,UNK,UNK
表,B,v,O,衣,biǎo
达,E,v,O,辶,dá
显,B,a,O,日,xiǎn
著,E,a,O,艹,zhù
高,B,v,O,高,gāo
于,E,v,O,二,yú
SPACE,S,x,O,UNK,UNK
C,B,eng,O,UNK,UNK
NUM,M,eng,O,UNK,UNK
NUM,M,eng,O,UNK,UNK
B,M,eng,O,UNK,UNK
L,E,eng,O,UNK,UNK
SPACE,S,x,O,UNK,UNK
/,S,x,O,UNK,UNK
SPACE,S,x,O,UNK,UNK
NUM,S,m,O,UNK,UNK
J,S,eng,O,UNK,UNK
SPACE,S,x,O,UNK,UNK
小,B,n,O,小,xiǎo
鼠,E,n,O,鼠,shǔ
(,S,x,O,UNK,UNK
P,S,x,O,UNK,UNK
<,S,x,O,UNK,UNK
NUM,B,m,O,UNK,UNK
.,E,m,O,UNK,UNK
SPACE,S,x,O,UNK,UNK
NUM,B,m,O,UNK,UNK
NUM,E,m,O,UNK,UNK
),S,x,O,UNK,UNK
。,S,x,O,UNK,UNK
sep,sep,sep,sep,sep,sep
LB,S,x,O,UNK,UNK
三,S,m,O,一,sān
、,S,x,O,UNK,UNK
SPACE,S,x,O,UNK,UNK
利,B,nr,B-Drug,刂,lì
拉,M,nr,I-Drug,扌,lā
鲁,E,nr,I-Drug,鱼,lǔ
肽,S,ng,I-Drug,月,tài
干,B,v,O,干,gān
预,E,v,O,页,yù
后,S,f,O,口,hòu
SPACE,S,x,O,UNK,UNK
C,B,eng,O,UNK,UNK
NUM,M,eng,O,UNK,UNK
NUM,M,eng,O,UNK,UNK
B,M,eng,O,UNK,UNK
L,E,eng,O,UNK,UNK
SPACE,S,x,O,UNK,UNK
/,S,x,O,UNK,UNK
SPACE,S,x,O,UNK,UNK
NUM,S,m,O,UNK,UNK
J,S,eng,O,UNK,UNK
SPACE,S,x,O,UNK,UNK
小,B,n,O,小,xiǎo
鼠,E,n,O,鼠,shǔ
与,S,p,O,一,yǔ
SPACE,S,x,O,UNK,UNK
d,B,eng,O,UNK,UNK
b,E,eng,O,UNK,UNK
SPACE,S,x,O,UNK,UNK
/,S,x,O,UNK,UNK
SPACE,S,x,O,UNK,UNK
d,B,eng,O,UNK,UNK
b,E,eng,O,UNK,UNK
SPACE,S,x,O,UNK,UNK
小,S,a,O,小,xiǎo
sep,sep,sep,sep,sep,sep
LB,S,x,O,UNK,UNK
注,S,v,O,氵,zhù
:,S,x,O,UNK,UNK
SPACE,S,x,O,UNK,UNK
Z,B,eng,B-Test,UNK,UNK
B,M,eng,I-Test,UNK,UNK
E,M,eng,I-Test,UNK,UNK
D,M,eng,I-Test,UNK,UNK
NUM,E,eng,I-Test,UNK,UNK
:,S,x,O,UNK,UNK
SPACE,S,x,O,UNK,UNK
锌,B,nz,O,钅,xīn
指,E,nz,O,扌,zhǐ
蛋,B,n,O,虫,dàn
白,E,n,O,白,bái
SPACE,S,x,O,UNK,UNK
NUM,S,x,O,UNK,UNK
SPACE,S,x,O,UNK,UNK
Z,B,eng,O,UNK,UNK
i,M,eng,O,UNK,UNK
n,M,eng,O,UNK,UNK
c,E,eng,O,UNK,UNK
-,S,x,O,UNK,UNK
f,B,eng,O,UNK,UNK
i,M,eng,O,UNK,UNK
n,M,eng,O,UNK,UNK
g,M,eng,O,UNK,UNK
e,M,eng,O,UNK,UNK
r,E,eng,O,UNK,UNK
SPACE,S,x,O,UNK,UNK
B,B,eng,O,UNK,UNK
E,M,eng,O,UNK,UNK
D,E,eng,O,UNK,UNK
SPACE,S,x,O,UNK,UNK
d,B,eng,O,UNK,UNK
o,M,eng,O,UNK,UNK
m,M,eng,O,UNK,UNK
a,M,eng,O,UNK,UNK
i,M,eng,O,UNK,UNK
n,E,eng,O,UNK,UNK
-,S,x,O,UNK,UNK
c,B,eng,O,UNK,UNK
o,M,eng,O,UNK,UNK
n,M,eng,O,UNK,UNK
t,M,eng,O,UNK,UNK
a,M,eng,O,UNK,UNK
i,M,eng,O,UNK,UNK
n,M,eng,O,UNK,UNK
i,M,eng,O,UNK,UNK
n,M,eng,O,UNK,UNK
g,E,eng,O,UNK,UNK
SPACE,S,x,O,UNK,UNK
NUM,S,x,O,UNK,UNK
;,S,x,O,UNK,UNK
sep,sep,sep,sep,sep,sep
SPACE,S,x,O,UNK,UNK
v,B,eng,O,UNK,UNK
s,E,eng,O,UNK,UNK
LB,S,x,O,UNK,UNK
C,B,eng,O,UNK,UNK
NUM,M,eng,O,UNK,UNK
NUM,M,eng,O,UNK,UNK
B,M,eng,O,UNK,UNK
L,E,eng,O,UNK,UNK
SPACE,S,x,O,UNK,UNK
/,S,x,O,UNK,UNK
SPACE,S,x,O,UNK,UNK
NUM,S,m,O,UNK,UNK
J,S,eng,O,UNK,UNK
",",S,x,O,UNK,UNK
SPACE,S,x,O,UNK,UNK
a,B,eng,O,UNK,UNK
P,E,eng,O,UNK,UNK
<,S,x,O,UNK,UNK
NUM,B,m,O,UNK,UNK
.,E,m,O,UNK,UNK
SPACE,S,x,O,UNK,UNK
NUM,B,m,O,UNK,UNK
NUM,E,m,O,UNK,UNK
sep,sep,sep,sep,sep,sep
LB,S,x,O,UNK,UNK
图,S,n,O,囗,tú
SPACE,S,x,O,UNK,UNK
NUM,S,x,O,UNK,UNK
SPACE,S,x,O,UNK,UNK
SPACE,S,x,O,UNK,UNK
C,B,eng,O,UNK,UNK
NUM,M,eng,O,UNK,UNK
NUM,M,eng,O,UNK,UNK
B,M,eng,O,UNK,UNK
L,E,eng,O,UNK,UNK
SPACE,S,x,O,UNK,UNK
/,S,x,O,UNK,UNK
SPACE,S,x,O,UNK,UNK
NUM,S,m,O,UNK,UNK
J,S,eng,O,UNK,UNK
SPACE,S,x,O,UNK,UNK
小,B,n,O,小,xiǎo
鼠,E,n,O,鼠,shǔ
与,S,p,O,一,yǔ
SPACE,S,x,O,UNK,UNK
d,B,eng,O,UNK,UNK
b,E,eng,O,UNK,UNK
SPACE,S,x,O,UNK,UNK
/,S,x,O,UNK,UNK
SPACE,S,x,O,UNK,UNK
d,B,eng,O,UNK,UNK
b,E,eng,O,UNK,UNK
SPACE,S,x,O,UNK,UNK
小,B,n,O,小,xiǎo
鼠,E,n,O,鼠,shǔ
肝,B,n,B-Anatomy,月,gān
脏,E,n,I-Anatomy,月,zàng
组,B,v,I-Anatomy,纟,zǔ
织,E,v,I-Anatomy,纟,zhī
SPACE,S,x,O,UNK,UNK
Z,B,eng,B-Test,UNK,UNK
B,M,eng,I-Test,UNK,UNK
E,M,eng,I-Test,UNK,UNK
D,M,eng,I-Test,UNK,UNK
NUM,E,eng,I-Test,UNK,UNK
SPACE,S,x,O,UNK,UNK
蛋,B,n,O,虫,dàn
白,E,n,O,白,bái
表,B,v,O,衣,biǎo
达,E,v,O,辶,dá
sep,sep,sep,sep,sep,sep
LB,S,x,O,UNK,UNK
F,B,eng,O,UNK,UNK
i,M,eng,O,UNK,UNK
g,E,eng,O,UNK,UNK
SPACE,S,x,O,UNK,UNK
NUM,S,x,O,UNK,UNK
SPACE,S,x,O,UNK,UNK
SPACE,S,x,O,UNK,UNK
Z,B,eng,B-Test,UNK,UNK
B,M,eng,I-Test,UNK,UNK
E,M,eng,I-Test,UNK,UNK
D,M,eng,I-Test,UNK,UNK
NUM,E,eng,I-Test,UNK,UNK
SPACE,S,x,O,UNK,UNK
p,B,eng,O,UNK,UNK
r,M,eng,O,UNK,UNK
o,M,eng,O,UNK,UNK
t,M,eng,O,UNK,UNK
e,M,eng,O,UNK,UNK
i,M,eng,O,UNK,UNK
n,E,eng,O,UNK,UNK
SPACE,S,x,O,UNK,UNK
e,B,eng,O,UNK,UNK
x,M,eng,O,UNK,UNK
p,M,eng,O,UNK,UNK
r,M,eng,O,UNK,UNK
e,M,eng,O,UNK,UNK
s,M,eng,O,UNK,UNK
s,M,eng,O,UNK,UNK
i,M,eng,O,UNK,UNK
o,M,eng,O,UNK,UNK
n,M,eng,O,UNK,UNK
s,E,eng,O,UNK,UNK
SPACE,S,x,O,UNK,UNK
i,B,eng,O,UNK,UNK
n,E,eng,O,UNK,UNK
SPACE,S,x,O,UNK,UNK
l,B,eng,O,UNK,UNK
i,M,eng,O,UNK,UNK
v,M,eng,O,UNK,UNK
e,M,eng,O,UNK,UNK
r,E,eng,O,UNK,UNK
SPACE,S,x,O,UNK,UNK
t,B,eng,O,UNK,UNK
i,M,eng,O,UNK,UNK
s,M,eng,O,UNK,UNK
s,M,eng,O,UNK,UNK
u,M,eng,O,UNK,UNK
e,M,eng,O,UNK,UNK
s,E,eng,O,UNK,UNK
SPACE,S,x,O,UNK,UNK
o,B,eng,O,UNK,UNK
f,E,eng,O,UNK,UNK
SPACE,S,x,O,UNK,UNK
C,B,eng,O,UNK,UNK
NUM,M,eng,O,UNK,UNK
NUM,M,eng,O,UNK,UNK
B,M,eng,O,UNK,UNK
L,E,eng,O,UNK,UNK
SPACE,S,x,O,UNK,UNK
/,S,x,O,UNK,UNK
SPACE,S,x,O,UNK,UNK
NUM,S,m,O,UNK,UNK
J,S,eng,O,UNK,UNK
sep,sep,sep,sep,sep,sep
SPACE,S,x,O,UNK,UNK
a,B,eng,O,UNK,UNK
n,M,eng,O,UNK,UNK
d,E,eng,O,UNK,UNK
SPACE,S,x,O,UNK,UNK
d,B,eng,O,UNK,UNK
b,E,eng,O,UNK,UNK
SPACE,S,x,O,UNK,UNK
/,S,x,O,UNK,UNK
SPACE,S,x,O,UNK,UNK
d,B,eng,O,UNK,UNK
b,E,eng,O,UNK,UNK
LB,S,x,O,UNK,UNK
m,B,eng,O,UNK,UNK
i,M,eng,O,UNK,UNK
c,M,eng,O,UNK,UNK
e,E,eng,O,UNK,UNK
sep,sep,sep,sep,sep,sep
LB,S,x,O,UNK,UNK
注,S,v,O,氵,zhù
:,S,x,O,UNK,UNK
SPACE,S,x,O,UNK,UNK
Z,B,eng,B-Test,UNK,UNK
B,M,eng,I-Test,UNK,UNK
E,M,eng,I-Test,UNK,UNK
D,M,eng,I-Test,UNK,UNK
NUM,E,eng,I-Test,UNK,UNK
:,S,x,O,UNK,UNK
SPACE,S,x,O,UNK,UNK
锌,B,nz,O,钅,xīn
指,E,nz,O,扌,zhǐ
蛋,B,n,O,虫,dàn
白,E,n,O,白,bái
SPACE,S,x,O,UNK,UNK
NUM,S,x,O,UNK,UNK
SPACE,S,x,O,UNK,UNK
Z,B,eng,O,UNK,UNK
i,M,eng,O,UNK,UNK
n,M,eng,O,UNK,UNK
c,E,eng,O,UNK,UNK
-,S,x,O,UNK,UNK
f,B,eng,O,UNK,UNK
i,M,eng,O,UNK,UNK
n,M,eng,O,UNK,UNK
g,M,eng,O,UNK,UNK
e,M,eng,O,UNK,UNK
r,E,eng,O,UNK,UNK
SPACE,S,x,O,UNK,UNK
B,B,eng,O,UNK,UNK
E,M,eng,O,UNK,UNK
D,E,eng,O,UNK,UNK
SPACE,S,x,O,UNK,UNK
d,B,eng,O,UNK,UNK
o,M,eng,O,UNK,UNK
m,M,eng,O,UNK,UNK
a,M,eng,O,UNK,UNK
i,M,eng,O,UNK,UNK
n,E,eng,O,UNK,UNK
-,S,x,O,UNK,UNK
c,B,eng,O,UNK,UNK
o,M,eng,O,UNK,UNK
n,M,eng,O,UNK,UNK
t,M,eng,O,UNK,UNK
a,M,eng,O,UNK,UNK
i,M,eng,O,UNK,UNK
n,M,eng,O,UNK,UNK
i,M,eng,O,UNK,UNK
n,M,eng,O,UNK,UNK
g,E,eng,O,UNK,UNK
SPACE,S,x,O,UNK,UNK
NUM,S,x,O,UNK,UNK
;,S,x,O,UNK,UNK
sep,sep,sep,sep,sep,sep
SPACE,S,x,O,UNK,UNK
v,B,eng,O,UNK,UNK
s,E,eng,O,UNK,UNK
LB,S,x,O,UNK,UNK
C,B,eng,O,UNK,UNK
NUM,M,eng,O,UNK,UNK
NUM,M,eng,O,UNK,UNK
B,M,eng,O,UNK,UNK
L,E,eng,O,UNK,UNK
SPACE,S,x,O,UNK,UNK
/,S,x,O,UNK,UNK
SPACE,S,x,O,UNK,UNK
NUM,S,m,O,UNK,UNK
J,S,eng,O,UNK,UNK
",",S,x,O,UNK,UNK
SPACE,S,x,O,UNK,UNK
a,B,eng,O,UNK,UNK
P,E,eng,O,UNK,UNK
<,S,x,O,UNK,UNK
NUM,B,m,O,UNK,UNK
.,E,m,O,UNK,UNK
SPACE,S,x,O,UNK,UNK
NUM,B,m,O,UNK,UNK
NUM,E,m,O,UNK,UNK
;,S,x,O,UNK,UNK
v,B,eng,O,UNK,UNK
s,E,eng,O,UNK,UNK
SPACE,S,x,O,UNK,UNK
NUM,B,m,O,UNK,UNK
NUM,E,m,O,UNK,UNK
SPACE,S,x,O,UNK,UNK
n,B,eng,O,UNK,UNK
m,M,eng,O,UNK,UNK
o,M,eng,O,UNK,UNK
l,E,eng,O,UNK,UNK
SPACE,S,x,O,UNK,UNK
/,S,x,O,UNK,UNK
SPACE,S,x,O,UNK,UNK
L,S,x,O,UNK,UNK
",",S,x,O,UNK,UNK
sep,sep,sep,sep,sep,sep
SPACE,S,x,O,UNK,UNK
b,B,eng,O,UNK,UNK
P,E,eng,O,UNK,UNK
<,S,x,O,UNK,UNK
NUM,B,m,O,UNK,UNK
.,E,m,O,UNK,UNK
SPACE,S,x,O,UNK,UNK
NUM,B,m,O,UNK,UNK
NUM,E,m,O,UNK,UNK
LB,S,x,O,UNK,UNK
图,S,n,O,囗,tú
SPACE,S,x,O,UNK,UNK
NUM,S,x,O,UNK,UNK
SPACE,S,x,O,UNK,UNK
SPACE,S,x,O,UNK,UNK
利,B,nr,B-Drug,刂,lì
拉,M,nr,I-Drug,扌,lā
鲁,E,nr,I-Drug,鱼,lǔ
肽,S,ng,I-Drug,月,tài
刺,B,v,O,刂,cì
激,E,v,O,氵,jī
后,S,f,O,口,hòu
小,B,n,O,小,xiǎo
鼠,E,n,O,鼠,shǔ
肝,B,n,B-Anatomy,月,gān
脏,E,n,I-Anatomy,月,zàng
组,B,v,I-Anatomy,纟,zǔ
织,E,v,I-Anatomy,纟,zhī
SPACE,S,x,O,UNK,UNK
Z,B,eng,B-Test,UNK,UNK
B,M,eng,I-Test,UNK,UNK
E,M,eng,I-Test,UNK,UNK
D,M,eng,I-Test,UNK,UNK
NUM,E,eng,I-Test,UNK,UNK
SPACE,S,x,O,UNK,UNK
蛋,B,n,O,虫,dàn
白,E,n,O,白,bái
表,B,v,O,衣,biǎo
达,E,v,O,辶,dá
sep,sep,sep,sep,sep,sep
LB,S,x,O,UNK,UNK
F,B,eng,O,UNK,UNK
i,M,eng,O,UNK,UNK
g,E,eng,O,UNK,UNK
SPACE,S,x,O,UNK,UNK
NUM,S,x,O,UNK,UNK
SPACE,S,x,O,UNK,UNK
SPACE,S,x,O,UNK,UNK
SPACE,S,x,O,UNK,UNK
Z,B,eng,B-Test,UNK,UNK
B,M,eng,I-Test,UNK,UNK
E,M,eng,I-Test,UNK,UNK
D,M,eng,I-Test,UNK,UNK
NUM,E,eng,I-Test,UNK,UNK
SPACE,S,x,O,UNK,UNK
p,B,eng,O,UNK,UNK
r,M,eng,O,UNK,UNK
o,M,eng,O,UNK,UNK
t,M,eng,O,UNK,UNK
e,M,eng,O,UNK,UNK
i,M,eng,O,UNK,UNK
n,E,eng,O,UNK,UNK
SPACE,S,x,O,UNK,UNK
e,B,eng,O,UNK,UNK
x,M,eng,O,UNK,UNK
p,M,eng,O,UNK,UNK
r,M,eng,O,UNK,UNK
e,M,eng,O,UNK,UNK
s,M,eng,O,UNK,UNK
s,M,eng,O,UNK,UNK
i,M,eng,O,UNK,UNK
o,M,eng,O,UNK,UNK
n,M,eng,O,UNK,UNK
s,E,eng,O,UNK,UNK
SPACE,S,x,O,UNK,UNK
i,B,eng,O,UNK,UNK
n,E,eng,O,UNK,UNK
SPACE,S,x,O,UNK,UNK
l,B,eng,O,UNK,UNK
i,M,eng,O,UNK,UNK
v,M,eng,O,UNK,UNK
e,M,eng,O,UNK,UNK
r,E,eng,O,UNK,UNK
SPACE,S,x,O,UNK,UNK
t,B,eng,O,UNK,UNK
i,M,eng,O,UNK,UNK
s,M,eng,O,UNK,UNK
s,M,eng,O,UNK,UNK
u,M,eng,O,UNK,UNK
e,M,eng,O,UNK,UNK
s,E,eng,O,UNK,UNK
SPACE,S,x,O,UNK,UNK
o,B,eng,O,UNK,UNK
f,E,eng,O,UNK,UNK
SPACE,S,x,O,UNK,UNK
m,B,eng,O,UNK,UNK
i,M,eng,O,UNK,UNK
c,M,eng,O,UNK,UNK
e,E,eng,O,UNK,UNK
SPACE,S,x,O,UNK,UNK
a,B,eng,O,UNK,UNK
f,M,eng,O,UNK,UNK
t,M,eng,O,UNK,UNK
e,M,eng,O,UNK,UNK
r,E,eng,O,UNK,UNK
SPACE,S,x,O,UNK,UNK
l,B,eng,O,UNK,UNK
i,M,eng,O,UNK,UNK
r,M,eng,O,UNK,UNK
a,M,eng,O,UNK,UNK
g,M,eng,O,UNK,UNK
l,M,eng,O,UNK,UNK
u,M,eng,O,UNK,UNK
t,M,eng,O,UNK,UNK
i,M,eng,O,UNK,UNK
d,M,eng,O,UNK,UNK
e,E,eng,O,UNK,UNK
sep,sep,sep,sep,sep,sep
LB,S,x,O,UNK,UNK
s,B,eng,O,UNK,UNK
t,M,eng,O,UNK,UNK
i,M,eng,O,UNK,UNK
m,M,eng,O,UNK,UNK
u,M,eng,O,UNK,UNK
l,M,eng,O,UNK,UNK
a,M,eng,O,UNK,UNK
t,M,eng,O,UNK,UNK
i,M,eng,O,UNK,UNK
o,M,eng,O,UNK,UNK
n,E,eng,O,UNK,UNK
LB,S,x,O,UNK,UNK
鼠,S,n,O,鼠,shǔ
肝,B,n,B-Anatomy,月,gān
脏,E,n,I-Anatomy,月,zàng
组,B,v,I-Anatomy,纟,zǔ
织,E,v,I-Anatomy,纟,zhī
SPACE,S,x,O,UNK,UNK
Z,B,eng,B-Test,UNK,UNK
B,M,eng,I-Test,UNK,UNK
E,M,eng,I-Test,UNK,UNK
D,M,eng,I-Test,UNK,UNK
NUM,E,eng,I-Test,UNK,UNK
SPACE,S,x,O,UNK,UNK
蛋,B,n,O,虫,dàn
白,E,n,O,白,bái
表,B,v,O,衣,biǎo
达,E,v,O,辶,dá
差,B,n,O,工,chà
异,E,n,O,廾,yì
sep,sep,sep,sep,sep,sep
LB,S,x,O,UNK,UNK
NUM,B,m,B-Amount,UNK,UNK
NUM,E,m,I-Amount,UNK,UNK
SPACE,S,x,I-Amount,UNK,UNK
n,B,eng,I-Amount,UNK,UNK
m,M,eng,I-Amount,UNK,UNK
o,M,eng,I-Amount,UNK,UNK
l,E,eng,I-Amount,UNK,UNK
SPACE,S,x,I-Amount,UNK,UNK
/,S,x,I-Amount,UNK,UNK
SPACE,S,x,I-Amount,UNK,UNK
L,S,x,I-Amount,UNK,UNK
SPACE,S,x,O,UNK,UNK
和,S,c,O,口,hé
SPACE,S,x,O,UNK,UNK
NUM,B,m,B-Amount,UNK,UNK
NUM,M,m,I-Amount,UNK,UNK
NUM,E,m,I-Amount,UNK,UNK
SPACE,S,x,I-Amount,UNK,UNK
n,B,eng,I-Amount,UNK,UNK
m,M,eng,I-Amount,UNK,UNK
o,M,eng,I-Amount,UNK,UNK
l,E,eng,I-Amount,UNK,UNK
SPACE,S,x,I-Amount,UNK,UNK
/,S,x,I-Amount,UNK,UNK
SPACE,S,x,I-Amount,UNK,UNK
L,S,x,I-Amount,UNK,UNK
SPACE,S,x,O,UNK,UNK
浓,B,n,O,氵,nóng
度,E,n,O,广,dù
的,S,uj,O,白,dí
利,B,nr,B-Drug,刂,lì
拉,M,nr,I-Drug,扌,lā
鲁,E,nr,I-Drug,鱼,lǔ
肽,S,ng,I-Drug,月,tài
干,B,v,O,干,gān
预,E,v,O,页,yù
SPACE,S,x,O,UNK,UNK
NUM,S,x,B-Duration,UNK,UNK
SPACE,S,x,I-Duration,UNK,UNK
h,S,x,I-Duration,UNK,UNK
sep,sep,sep,sep,sep,sep
LB,S,x,O,UNK,UNK
后,S,f,O,口,hòu
",",S,x,O,UNK,UNK
SPACE,S,x,O,UNK,UNK
d,B,eng,O,UNK,UNK
b,E,eng,O,UNK,UNK
SPACE,S,x,O,UNK,UNK
/,S,x,O,UNK,UNK
SPACE,S,x,O,UNK,UNK
d,B,eng,O,UNK,UNK
b,E,eng,O,UNK,UNK
SPACE,S,x,O,UNK,UNK
小,B,n,O,小,xiǎo
鼠,E,n,O,鼠,shǔ
肝,B,n,B-Anatomy,月,gān
脏,E,n,I-Anatomy,月,zàng
组,B,v,I-Anatomy,纟,zǔ
织,E,v,I-Anatomy,纟,zhī
SPACE,S,x,O,UNK,UNK
Z,B,eng,B-Test,UNK,UNK
B,M,eng,I-Test,UNK,UNK
E,M,eng,I-Test,UNK,UNK
D,M,eng,I-Test,UNK,UNK
NUM,E,eng,I-Test,UNK,UNK
SPACE,S,x,O,UNK,UNK
蛋,B,n,O,虫,dàn
白,E,n,O,白,bái
表,B,v,O,衣,biǎo
达,E,v,O,辶,dá
均,S,d,O,土,jūn
明,B,a,O,日,míng
显,E,a,O,日,xiǎn
高,B,v,O,高,gāo
于,E,v,O,二,yú
LB,S,x,O,UNK,UNK
C,B,eng,O,UNK,UNK
NUM,M,eng,O,UNK,UNK
NUM,M,eng,O,UNK,UNK
B,M,eng,O,UNK,UNK
L,E,eng,O,UNK,UNK
SPACE,S,x,O,UNK,UNK
/,S,x,O,UNK,UNK
SPACE,S,x,O,UNK,UNK
NUM,S,m,O,UNK,UNK
J,S,eng,O,UNK,UNK
SPACE,S,x,O,UNK,UNK
小,B,n,O,小,xiǎo
鼠,E,n,O,鼠,shǔ
(,S,x,O,UNK,UNK
P,S,x,O,UNK,UNK
<,S,x,O,UNK,UNK
NUM,B,m,O,UNK,UNK
.,E,m,O,UNK,UNK
SPACE,S,x,O,UNK,UNK
NUM,B,m,O,UNK,UNK
NUM,E,m,O,UNK,UNK
),S,x,O,UNK,UNK
;,S,x,O,UNK,UNK
sep,sep,sep,sep,sep,sep
NUM,B,m,B-Amount,UNK,UNK
NUM,M,m,I-Amount,UNK,UNK
NUM,E,m,I-Amount,UNK,UNK
SPACE,S,x,I-Amount,UNK,UNK
n,B,eng,I-Amount,UNK,UNK
m,M,eng,I-Amount,UNK,UNK
o,M,eng,I-Amount,UNK,UNK
l,E,eng,I-Amount,UNK,UNK
SPACE,S,x,I-Amount,UNK,UNK
/,S,x,I-Amount,UNK,UNK
SPACE,S,x,I-Amount,UNK,UNK
L,S,x,I-Amount,UNK,UNK
SPACE,S,x,O,UNK,UNK
的,S,uj,O,白,dí
利,B,nr,B-Drug,刂,lì
拉,M,nr,I-Drug,扌,lā
鲁,E,nr,I-Drug,鱼,lǔ
肽,S,ng,I-Drug,月,tài
干,S,v,O,干,gān
LB,S,x,O,UNK,UNK
预,B,vn,O,页,yù
组,E,vn,O,纟,zǔ
SPACE,S,x,O,UNK,UNK
d,B,eng,O,UNK,UNK
b,E,eng,O,UNK,UNK
SPACE,S,x,O,UNK,UNK
/,S,x,O,UNK,UNK
SPACE,S,x,O,UNK,UNK
d,B,eng,O,UNK,UNK
b,E,eng,O,UNK,UNK
SPACE,S,x,O,UNK,UNK
小,B,n,O,小,xiǎo
鼠,E,n,O,鼠,shǔ
肝,B,n,B-Anatomy,月,gān
脏,E,n,I-Anatomy,月,zàng
组,B,v,I-Anatomy,纟,zǔ
织,E,v,I-Anatomy,纟,zhī
SPACE,S,x,O,UNK,UNK
Z,B,eng,B-Test,UNK,UNK
B,M,eng,I-Test,UNK,UNK
E,M,eng,I-Test,UNK,UNK
D,M,eng,I-Test,UNK,UNK
NUM,E,eng,I-Test,UNK,UNK
SPACE,S,x,O,UNK,UNK
蛋,B,n,O,虫,dàn
白,E,n,O,白,bái
表,B,v,O,衣,biǎo
达,E,v,O,辶,dá
显,B,a,O,日,xiǎn
著,E,a,O,艹,zhù
高,B,v,O,高,gāo
于,E,v,O,二,yú
LB,S,x,O,UNK,UNK
NUM,B,m,B-Amount,UNK,UNK
NUM,E,m,I-Amount,UNK,UNK
SPACE,S,x,I-Amount,UNK,UNK
n,B,eng,I-Amount,UNK,UNK
m,M,eng,I-Amount,UNK,UNK
o,M,eng,I-Amount,UNK,UNK
l,E,eng,I-Amount,UNK,UNK
SPACE,S,x,I-Amount,UNK,UNK
/,S,x,I-Amount,UNK,UNK
SPACE,S,x,I-Amount,UNK,UNK
L,S,x,I-Amount,UNK,UNK
SPACE,S,x,O,UNK,UNK
组,S,zg,O,纟,zǔ
SPACE,S,x,O,UNK,UNK
(,S,x,O,UNK,UNK
P,S,x,O,UNK,UNK
SPACE,S,x,O,UNK,UNK
<,S,x,O,UNK,UNK
SPACE,S,x,O,UNK,UNK
NUM,B,m,O,UNK,UNK
.,E,m,O,UNK,UNK
SPACE,S,x,O,UNK,UNK
NUM,B,m,O,UNK,UNK
NUM,E,m,O,UNK,UNK
),S,x,O,UNK,UNK
。,S,x,O,UNK,UNK
sep,sep,sep,sep,sep,sep
SPACE,S,x,O,UNK,UNK
C,B,eng,O,UNK,UNK
NUM,M,eng,O,UNK,UNK
NUM,M,eng,O,UNK,UNK
B,M,eng,O,UNK,UNK
L,E,eng,O,UNK,UNK
SPACE,S,x,O,UNK,UNK
/,S,x,O,UNK,UNK
SPACE,S,x,O,UNK,UNK
NUM,S,m,O,UNK,UNK
J,S,eng,O,UNK,UNK
SPACE,S,x,O,UNK,UNK
小,B,n,O,小,xiǎo
鼠,E,n,O,鼠,shǔ
肝,B,n,B-Anatomy,月,gān
脏,E,n,I-Anatomy,月,zàng
组,B,v,I-Anatomy,纟,zǔ
织,E,v,I-Anatomy,纟,zhī
LB,S,x,O,UNK,UNK
Z,B,eng,B-Test,UNK,UNK
B,M,eng,I-Test,UNK,UNK
E,M,eng,I-Test,UNK,UNK
D,M,eng,I-Test,UNK,UNK
NUM,E,eng,I-Test,UNK,UNK
SPACE,S,x,O,UNK,UNK
蛋,B,n,O,虫,dàn
白,E,n,O,白,bái
表,B,v,O,衣,biǎo
达,E,v,O,辶,dá
与,S,p,O,一,yǔ
利,B,nr,B-Drug,刂,lì
拉,M,nr,I-Drug,扌,lā
鲁,E,nr,I-Drug,鱼,lǔ
肽,S,ng,I-Drug,月,tài
浓,B,n,O,氵,nóng
度,E,n,O,广,dù
无,B,v,O,一,wú
关,E,v,O,丷,guān
(,S,x,O,UNK,UNK
P,S,x,O,UNK,UNK
SPACE,S,x,O,UNK,UNK
>,S,x,O,UNK,UNK
NUM,B,m,O,UNK,UNK
.,E,m,O,UNK,UNK
SPACE,S,x,O,UNK,UNK
NUM,B,m,O,UNK,UNK
NUM,E,m,O,UNK,UNK
",",S,x,O,UNK,UNK
sep,sep,sep,sep,sep,sep
图,S,n,O,囗,tú
LB,S,x,O,UNK,UNK
NUM,S,x,O,UNK,UNK
),S,x,O,UNK,UNK
。,S,x,O,UNK,UNK
LB,S,x,O,UNK,UNK
四,S,m,O,囗,sì
、,S,x,O,UNK,UNK
SPACE,S,x,O,UNK,UNK
葡,B,n,B-Drug,艹,pú
萄,M,n,I-Drug,艹,táo
糖,E,n,I-Drug,米,táng
刺,B,v,O,刂,cì
激,E,v,O,氵,jī
后,S,f,O,口,hòu
SPACE,S,x,O,UNK,UNK
C,B,eng,O,UNK,UNK
NUM,M,eng,O,UNK,UNK
NUM,M,eng,O,UNK,UNK
B,M,eng,O,UNK,UNK
L,E,eng,O,UNK,UNK
SPACE,S,x,O,UNK,UNK
/,S,x,O,UNK,UNK
SPACE,S,x,O,UNK,UNK
NUM,S,m,O,UNK,UNK
J,S,eng,O,UNK,UNK
SPACE,S,x,O,UNK,UNK
小,B,n,O,小,xiǎo
鼠,E,n,O,鼠,shǔ
与,S,p,O,一,yǔ
SPACE,S,x,O,UNK,UNK
d,B,eng,O,UNK,UNK
b,E,eng,O,UNK,UNK
SPACE,S,x,O,UNK,UNK
/,S,x,O,UNK,UNK
SPACE,S,x,O,UNK,UNK
d,B,eng,O,UNK,UNK
b,E,eng,O,UNK,UNK
SPACE,S,x,O,UNK,UNK
小,B,n,O,小,xiǎo
鼠,E,n,O,鼠,shǔ
sep,sep,sep,sep,sep,sep
LB,S,x,O,UNK,UNK
肝,B,n,B-Anatomy,月,gān
脏,E,n,I-Anatomy,月,zàng
组,B,v,I-Anatomy,纟,zǔ
织,E,v,I-Anatomy,纟,zhī
SPACE,S,x,O,UNK,UNK
Z,B,eng,B-Test,UNK,UNK
B,M,eng,I-Test,UNK,UNK
E,M,eng,I-Test,UNK,UNK
D,M,eng,I-Test,UNK,UNK
NUM,E,eng,I-Test,UNK,UNK
SPACE,S,x,O,UNK,UNK
蛋,B,n,O,虫,dàn
白,E,n,O,白,bái
表,B,v,O,衣,biǎo
达,E,v,O,辶,dá
差,B,n,O,工,chà
异,E,n,O,廾,yì
sep,sep,sep,sep,sep,sep
LB,S,x,O,UNK,UNK
分,B,d,O,刀,fēn
别,E,d,O,刂,bié
用,S,p,O,用,yòng
SPACE,S,x,O,UNK,UNK
NUM,S,x,B-Amount,UNK,UNK
、,S,x,O,UNK,UNK
NUM,B,m,B-Amount,UNK,UNK
NUM,E,m,I-Amount,UNK,UNK
、,S,x,O,UNK,UNK
NUM,B,m,B-Amount,UNK,UNK
NUM,E,m,I-Amount,UNK,UNK
SPACE,S,x,O,UNK,UNK
及,S,c,O,又,jí
SPACE,S,x,O,UNK,UNK
NUM,B,m,B-Amount,UNK,UNK
NUM,E,m,I-Amount,UNK,UNK
SPACE,S,x,I-Amount,UNK,UNK
m,B,eng,I-Amount,UNK,UNK
m,M,eng,I-Amount,UNK,UNK
o,M,eng,I-Amount,UNK,UNK
l,E,eng,I-Amount,UNK,UNK
SPACE,S,x,I-Amount,UNK,UNK
/,S,x,I-Amount,UNK,UNK
SPACE,S,x,I-Amount,UNK,UNK
L,S,x,I-Amount,UNK,UNK
SPACE,S,x,O,UNK,UNK
浓,B,n,O,氵,nóng
度,E,n,O,广,dù
的,S,uj,O,白,dí
葡,B,n,B-Drug,艹,pú
萄,M,n,I-Drug,艹,táo
糖,E,n,I-Drug,米,táng
作,B,v,O,亻,zuò
用,E,v,O,用,yòng
sep,sep,sep,sep,sep,sep
LB,S,x,O,UNK,UNK
培,B,v,O,土,péi
养,E,v,O,丷,yǎng
肝,B,n,B-Anatomy,月,gān
脏,E,n,I-Anatomy,月,zàng
组,B,v,I-Anatomy,纟,zǔ
织,E,v,I-Anatomy,纟,zhī
SPACE,S,x,O,UNK,UNK
NUM,B,m,B-Duration,UNK,UNK
NUM,E,m,I-Duration,UNK,UNK
SPACE,S,x,I-Duration,UNK,UNK
h,S,x,I-Duration,UNK,UNK
SPACE,S,x,O,UNK,UNK
后,S,f,O,口,hòu
",",S,x,O,UNK,UNK
sep,sep,sep,sep,sep,sep
NUM,S,x,O,UNK,UNK
SPACE,S,x,O,UNK,UNK
组,S,zg,O,纟,zǔ
小,B,n,O,小,xiǎo
鼠,E,n,O,鼠,shǔ
肝,B,n,B-Anatomy,月,gān
脏,E,n,I-Anatomy,月,zàng
组,B,v,I-Anatomy,纟,zǔ
织,E,v,I-Anatomy,纟,zhī
SPACE,S,x,O,UNK,UNK
Z,B,eng,B-Test,UNK,UNK
B,M,eng,I-Test,UNK,UNK
E,M,eng,I-Test,UNK,UNK
D,M,eng,I-Test,UNK,UNK
NUM,E,eng,I-Test,UNK,UNK
SPACE,S,x,I-Test,UNK,UNK
蛋,B,n,I-Test,虫,dàn
白,E,n,I-Test,白,bái
LB,S,x,O,UNK,UNK
表,B,v,O,衣,biǎo
达,E,v,O,辶,dá
如,S,v,O,女,rú
sep,sep,sep,sep,sep,sep
图,S,n,O,囗,tú
SPACE,S,x,O,UNK,UNK
NUM,S,x,O,UNK,UNK
SPACE,S,x,O,UNK,UNK
所,B,v,O,户,suǒ
示,E,v,O,示,shì
。,S,x,O,UNK,UNK
SPACE,S,x,O,UNK,UNK
结,B,n,O,纟,jié
果,M,n,O,木,guǒ
显,M,n,O,日,xiǎn
示,E,n,O,示,shì
",",S,x,O,UNK,UNK
sep,sep,sep,sep,sep,sep
不,B,a,O,一,bù
同,E,a,O,口,tóng
浓,B,n,O,氵,nóng
度,E,n,O,广,dù
葡,B,n,B-Drug,艹,pú
萄,M,n,I-Drug,艹,táo
糖,E,n,I-Drug,米,táng
刺,B,v,O,刂,cì
激,E,v,O,氵,jī
LB,S,x,O,UNK,UNK
Z,B,eng,B-Test,UNK,UNK
B,M,eng,I-Test,UNK,UNK
E,M,eng,I-Test,UNK,UNK
D,M,eng,I-Test,UNK,UNK
NUM,E,eng,I-Test,UNK,UNK
SPACE,S,x,O,UNK,UNK
的,S,uj,O,白,dí
蛋,B,n,O,虫,dàn
白,E,n,O,白,bái
表,B,v,O,衣,biǎo
达,E,v,O,辶,dá
量,S,n,O,里,liáng
呈,B,v,O,口,chéng
现,E,v,O,见,xiàn
浓,B,n,O,氵,nóng
度,E,n,O,广,dù
依,B,n,O,亻,yī
赖,M,n,O,贝,lài
性,E,n,O,忄,xìng
:,S,x,O,UNK,UNK
d,B,eng,O,UNK,UNK
b,E,eng,O,UNK,UNK
SPACE,S,x,O,UNK,UNK
/,S,x,O,UNK,UNK
SPACE,S,x,O,UNK,UNK
d,B,eng,O,UNK,UNK
b,E,eng,O,UNK,UNK
SPACE,S,x,O,UNK,UNK
小,B,n,O,小,xiǎo
鼠,E,n,O,鼠,shǔ
肝,S,n,B-Anatomy,月,gān
LB,S,x,I-Anatomy,UNK,UNK
脏,S,a,I-Anatomy,月,zàng
组,B,v,I-Anatomy,纟,zǔ
织,E,v,I-Anatomy,纟,zhī
SPACE,S,x,O,UNK,UNK
Z,B,eng,B-Test,UNK,UNK
B,M,eng,I-Test,UNK,UNK
E,M,eng,I-Test,UNK,UNK
D,M,eng,I-Test,UNK,UNK
NUM,E,eng,I-Test,UNK,UNK
SPACE,S,x,O,UNK,UNK
蛋,B,n,O,虫,dàn
白,E,n,O,白,bái
表,B,v,O,衣,biǎo
达,E,v,O,辶,dá
量,S,n,O,里,liáng
在,S,p,O,土,zài
SPACE,S,x,O,UNK,UNK
NUM,B,m,O,UNK,UNK
NUM,E,m,O,UNK,UNK
SPACE,S,x,O,UNK,UNK
m,B,eng,O,UNK,UNK
m,M,eng,O,UNK,UNK
o,M,eng,O,UNK,UNK
l,E,eng,O,UNK,UNK
SPACE,S,x,O,UNK,UNK
/,S,x,O,UNK,UNK
SPACE,S,x,O,UNK,UNK
L,S,x,O,UNK,UNK
SPACE,S,x,O,UNK,UNK
浓,B,n,O,氵,nóng
度,E,n,O,广,dù
作,B,v,O,亻,zuò
用,E,v,O,用,yòng
下,S,f,O,一,xià
LB,S,x,O,UNK,UNK
达,B,v,O,辶,dá
高,E,v,O,高,gāo
SPACE,S,x,O,UNK,UNK
峰,S,nr,O,山,fēng
",",S,x,O,UNK,UNK
sep,sep,sep,sep,sep,sep
SPACE,S,x,O,UNK,UNK
而,S,c,O,而,ér
SPACE,S,x,O,UNK,UNK
C,B,eng,O,UNK,UNK
NUM,M,eng,O,UNK,UNK
NUM,M,eng,O,UNK,UNK
B,M,eng,O,UNK,UNK
L,E,eng,O,UNK,UNK
SPACE,S,x,O,UNK,UNK
/,S,x,O,UNK,UNK
SPACE,S,x,O,UNK,UNK
NUM,S,m,O,UNK,UNK
J,S,eng,O,UNK,UNK
SPACE,S,x,O,UNK,UNK
小,S,a,O,小,xiǎo
SPACE,S,x,O,UNK,UNK
鼠,S,n,O,鼠,shǔ
SPACE,S,x,O,UNK,UNK
在,S,p,O,土,zài
SPACE,S,x,O,UNK,UNK
NUM,B,m,O,UNK,UNK
NUM,E,m,O,UNK,UNK
SPACE,S,x,O,UNK,UNK
m,B,eng,O,UNK,UNK
m,M,eng,O,UNK,UNK
o,M,eng,O,UNK,UNK
l,E,eng,O,UNK,UNK
SPACE,S,x,O,UNK,UNK
/,S,x,O,UNK,UNK
SPACE,S,x,O,UNK,UNK
L,S,x,O,UNK,UNK
SPACE,S,x,O,UNK,UNK
浓,S,a,O,氵,nóng
SPACE,S,x,O,UNK,UNK
度,S,zg,O,广,dù
SPACE,S,x,O,UNK,UNK
下,S,f,O,一,xià
LB,S,x,O,UNK,UNK
Z,B,eng,B-Test,UNK,UNK
B,M,eng,I-Test,UNK,UNK
E,M,eng,I-Test,UNK,UNK
D,M,eng,I-Test,UNK,UNK
NUM,E,eng,I-Test,UNK,UNK
SPACE,S,x,O,UNK,UNK
蛋,B,n,O,虫,dàn
白,E,n,O,白,bái
表,B,v,O,衣,biǎo
达,E,v,O,辶,dá
最,B,a,O,曰,zuì
高,E,a,O,高,gāo
;,S,x,O,UNK,UNK
sep,sep,sep,sep,sep,sep
之,B,f,O,丶,zhī
后,E,f,O,口,hòu
",",S,x,O,UNK,UNK
随,B,p,O,阝,suí
着,E,p,O,目,zhuó
浓,B,n,O,氵,nóng
度,E,n,O,广,dù
增,B,v,O,土,zēng
加,E,v,O,力,jiā
",",S,x,O,UNK,UNK
sep,sep,sep,sep,sep,sep
Z,B,eng,B-Test,UNK,UNK
B,M,eng,I-Test,UNK,UNK
E,M,eng,I-Test,UNK,UNK
D,M,eng,I-Test,UNK,UNK
NUM,E,eng,I-Test,UNK,UNK
SPACE,S,x,O,UNK,UNK
蛋,S,n,O,虫,dàn
LB,S,x,O,UNK,UNK
注,S,v,O,氵,zhù
:,S,x,O,UNK,UNK
SPACE,S,x,O,UNK,UNK
Z,B,eng,B-Test,UNK,UNK
B,M,eng,I-Test,UNK,UNK
E,M,eng,I-Test,UNK,UNK
D,M,eng,I-Test,UNK,UNK
NUM,E,eng,I-Test,UNK,UNK
:,S,x,O,UNK,UNK
锌,B,nz,O,钅,xīn
指,E,nz,O,扌,zhǐ
蛋,B,n,O,虫,dàn
白,E,n,O,白,bái
SPACE,S,x,O,UNK,UNK
NUM,S,x,O,UNK,UNK
SPACE,S,x,O,UNK,UNK
Z,B,eng,O,UNK,UNK
i,M,eng,O,UNK,UNK
n,M,eng,O,UNK,UNK
c,E,eng,O,UNK,UNK
-,S,x,O,UNK,UNK
f,B,eng,O,UNK,UNK
i,M,eng,O,UNK,UNK
n,M,eng,O,UNK,UNK
g,M,eng,O,UNK,UNK
e,M,eng,O,UNK,UNK
r,E,eng,O,UNK,UNK
SPACE,S,x,O,UNK,UNK
B,B,eng,O,UNK,UNK
E,M,eng,O,UNK,UNK
D,E,eng,O,UNK,UNK
SPACE,S,x,O,UNK,UNK
d,B,eng,O,UNK,UNK
o,M,eng,O,UNK,UNK
m,M,eng,O,UNK,UNK
a,M,eng,O,UNK,UNK
i,M,eng,O,UNK,UNK
n,E,eng,O,UNK,UNK
-,S,x,O,UNK,UNK
c,B,eng,O,UNK,UNK
o,M,eng,O,UNK,UNK
n,M,eng,O,UNK,UNK
t,M,eng,O,UNK,UNK
a,M,eng,O,UNK,UNK
i,M,eng,O,UNK,UNK
n,M,eng,O,UNK,UNK
i,M,eng,O,UNK,UNK
n,M,eng,O,UNK,UNK
g,E,eng,O,UNK,UNK
SPACE,S,x,O,UNK,UNK
NUM,S,x,O,UNK,UNK
;,S,x,O,UNK,UNK
sep,sep,sep,sep,sep,sep
SPACE,S,x,O,UNK,UNK
v,B,eng,O,UNK,UNK
s,E,eng,O,UNK,UNK
SPACE,S,x,O,UNK,UNK
NUM,S,x,O,UNK,UNK
LB,S,x,O,UNK,UNK
m,B,eng,O,UNK,UNK
m,M,eng,O,UNK,UNK
o,M,eng,O,UNK,UNK
l,E,eng,O,UNK,UNK
SPACE,S,x,O,UNK,UNK
/,S,x,O,UNK,UNK
SPACE,S,x,O,UNK,UNK
L,S,x,O,UNK,UNK
",",S,x,O,UNK,UNK
SPACE,S,x,O,UNK,UNK
a,B,eng,O,UNK,UNK
P,E,eng,O,UNK,UNK
<,S,x,O,UNK,UNK
NUM,B,m,O,UNK,UNK
.,E,m,O,UNK,UNK
SPACE,S,x,O,UNK,UNK
NUM,B,m,O,UNK,UNK
NUM,E,m,O,UNK,UNK
;,S,x,O,UNK,UNK
v,B,eng,O,UNK,UNK
s,E,eng,O,UNK,UNK
SPACE,S,x,O,UNK,UNK
NUM,S,x,O,UNK,UNK
SPACE,S,x,O,UNK,UNK
m,B,eng,O,UNK,UNK
m,M,eng,O,UNK,UNK
o,M,eng,O,UNK,UNK
l,E,eng,O,UNK,UNK
SPACE,S,x,O,UNK,UNK
/,S,x,O,UNK,UNK
SPACE,S,x,O,UNK,UNK
L,S,x,O,UNK,UNK
",",S,x,O,UNK,UNK
sep,sep,sep,sep,sep,sep
SPACE,S,x,O,UNK,UNK
b,B,eng,O,UNK,UNK
P,E,eng,O,UNK,UNK
<,S,x,O,UNK,UNK
NUM,B,m,O,UNK,UNK
.,E,m,O,UNK,UNK
SPACE,S,x,O,UNK,UNK
NUM,B,m,O,UNK,UNK
NUM,E,m,O,UNK,UNK
;,S,x,O,UNK,UNK
v,B,eng,O,UNK,UNK
s,E,eng,O,UNK,UNK
SPACE,S,x,O,UNK,UNK
NUM,B,m,O,UNK,UNK
NUM,E,m,O,UNK,UNK
SPACE,S,x,O,UNK,UNK
m,B,eng,O,UNK,UNK
m,M,eng,O,UNK,UNK
o,M,eng,O,UNK,UNK
l,E,eng,O,UNK,UNK
SPACE,S,x,O,UNK,UNK
/,S,x,O,UNK,UNK
SPACE,S,x,O,UNK,UNK
L,S,x,O,UNK,UNK
",",S,x,O,UNK,UNK
sep,sep,sep,sep,sep,sep
SPACE,S,x,O,UNK,UNK
c,B,eng,O,UNK,UNK
P,E,eng,O,UNK,UNK
<,S,x,O,UNK,UNK
NUM,B,m,O,UNK,UNK
.,E,m,O,UNK,UNK
SPACE,S,x,O,UNK,UNK
NUM,B,m,O,UNK,UNK
NUM,E,m,O,UNK,UNK
;,S,x,O,UNK,UNK
v,B,eng,O,UNK,UNK
s,E,eng,O,UNK,UNK
SPACE,S,x,O,UNK,UNK
NUM,B,m,O,UNK,UNK
NUM,E,m,O,UNK,UNK
LB,S,x,O,UNK,UNK
m,B,eng,O,UNK,UNK
m,M,eng,O,UNK,UNK
o,M,eng,O,UNK,UNK
l,E,eng,O,UNK,UNK
SPACE,S,x,O,UNK,UNK
/,S,x,O,UNK,UNK
SPACE,S,x,O,UNK,UNK
L,S,x,O,UNK,UNK
",",S,x,O,UNK,UNK
sep,sep,sep,sep,sep,sep
SPACE,S,x,O,UNK,UNK
d,B,eng,O,UNK,UNK
P,E,eng,O,UNK,UNK
<,S,x,O,UNK,UNK
NUM,B,m,O,UNK,UNK
.,E,m,O,UNK,UNK
SPACE,S,x,O,UNK,UNK
NUM,B,m,O,UNK,UNK
NUM,E,m,O,UNK,UNK
LB,S,x,O,UNK,UNK
图,S,n,O,囗,tú
SPACE,S,x,O,UNK,UNK
NUM,S,x,O,UNK,UNK
SPACE,S,x,O,UNK,UNK
SPACE,S,x,O,UNK,UNK
葡,B,n,O,艹,pú
萄,M,n,O,艹,táo
糖,E,n,O,米,táng
刺,B,v,O,刂,cì
激,E,v,O,氵,jī
后,S,f,O,口,hòu
小,B,n,O,小,xiǎo
鼠,E,n,O,鼠,shǔ
肝,B,n,B-Anatomy,月,gān
脏,E,n,I-Anatomy,月,zàng
组,B,v,I-Anatomy,纟,zǔ
织,E,v,I-Anatomy,纟,zhī
SPACE,S,x,O,UNK,UNK
Z,B,eng,B-Test,UNK,UNK
B,M,eng,I-Test,UNK,UNK
E,M,eng,I-Test,UNK,UNK
D,M,eng,I-Test,UNK,UNK
NUM,E,eng,I-Test,UNK,UNK
SPACE,S,x,O,UNK,UNK
蛋,B,n,O,虫,dàn
白,E,n,O,白,bái
表,B,v,O,衣,biǎo
达,E,v,O,辶,dá
sep,sep,sep,sep,sep,sep
LB,S,x,O,UNK,UNK
F,B,eng,O,UNK,UNK
i,M,eng,O,UNK,UNK
g,E,eng,O,UNK,UNK
SPACE,S,x,O,UNK,UNK
NUM,S,x,O,UNK,UNK
SPACE,S,x,O,UNK,UNK
SPACE,S,x,O,UNK,UNK
Z,B,eng,B-Test,UNK,UNK
B,M,eng,I-Test,UNK,UNK
E,M,eng,I-Test,UNK,UNK
D,M,eng,I-Test,UNK,UNK
NUM,E,eng,I-Test,UNK,UNK
SPACE,S,x,O,UNK,UNK
p,B,eng,O,UNK,UNK
r,M,eng,O,UNK,UNK
o,M,eng,O,UNK,UNK
t,M,eng,O,UNK,UNK
e,M,eng,O,UNK,UNK
i,M,eng,O,UNK,UNK
n,E,eng,O,UNK,UNK
SPACE,S,x,O,UNK,UNK
e,B,eng,O,UNK,UNK
x,M,eng,O,UNK,UNK
p,M,eng,O,UNK,UNK
r,M,eng,O,UNK,UNK
e,M,eng,O,UNK,UNK
s,M,eng,O,UNK,UNK
s,M,eng,O,UNK,UNK
i,M,eng,O,UNK,UNK
o,M,eng,O,UNK,UNK
n,M,eng,O,UNK,UNK
s,E,eng,O,UNK,UNK
SPACE,S,x,O,UNK,UNK
i,B,eng,O,UNK,UNK
n,E,eng,O,UNK,UNK
SPACE,S,x,O,UNK,UNK
l,B,eng,O,UNK,UNK
i,M,eng,O,UNK,UNK
v,M,eng,O,UNK,UNK
e,M,eng,O,UNK,UNK
r,E,eng,O,UNK,UNK
SPACE,S,x,O,UNK,UNK
t,B,eng,O,UNK,UNK
i,M,eng,O,UNK,UNK
s,M,eng,O,UNK,UNK
s,M,eng,O,UNK,UNK
u,M,eng,O,UNK,UNK
e,M,eng,O,UNK,UNK
s,E,eng,O,UNK,UNK
SPACE,S,x,O,UNK,UNK
a,B,eng,O,UNK,UNK
f,M,eng,O,UNK,UNK
t,M,eng,O,UNK,UNK
e,M,eng,O,UNK,UNK
r,E,eng,O,UNK,UNK
SPACE,S,x,O,UNK,UNK
g,B,eng,O,UNK,UNK
l,M,eng,O,UNK,UNK
u,M,eng,O,UNK,UNK
c,M,eng,O,UNK,UNK
o,M,eng,O,UNK,UNK
s,M,eng,O,UNK,UNK
e,E,eng,O,UNK,UNK
SPACE,S,x,O,UNK,UNK
s,B,eng,O,UNK,UNK
t,M,eng,O,UNK,UNK
i,M,eng,O,UNK,UNK
m,M,eng,O,UNK,UNK
u,M,eng,O,UNK,UNK
l,M,eng,O,UNK,UNK
a,M,eng,O,UNK,UNK
t,M,eng,O,UNK,UNK
i,M,eng,O,UNK,UNK
o,M,eng,O,UNK,UNK
n,E,eng,O,UNK,UNK
sep,sep,sep,sep,sep,sep
LB,S,x,O,UNK,UNK
注,S,v,O,氵,zhù
:,S,x,O,UNK,UNK
SPACE,S,x,O,UNK,UNK
Z,B,eng,B-Test,UNK,UNK
B,M,eng,I-Test,UNK,UNK
E,M,eng,I-Test,UNK,UNK
D,M,eng,I-Test,UNK,UNK
NUM,E,eng,I-Test,UNK,UNK
:,S,x,O,UNK,UNK
SPACE,S,x,O,UNK,UNK
锌,B,nz,O,钅,xīn
指,E,nz,O,扌,zhǐ
蛋,B,n,O,虫,dàn
白,E,n,O,白,bái
SPACE,S,x,O,UNK,UNK
NUM,S,x,O,UNK,UNK
SPACE,S,x,O,UNK,UNK
Z,B,eng,O,UNK,UNK
i,M,eng,O,UNK,UNK
n,M,eng,O,UNK,UNK
c,E,eng,O,UNK,UNK
-,S,x,O,UNK,UNK
f,B,eng,O,UNK,UNK
i,M,eng,O,UNK,UNK
n,M,eng,O,UNK,UNK
g,M,eng,O,UNK,UNK
e,M,eng,O,UNK,UNK
r,E,eng,O,UNK,UNK
SPACE,S,x,O,UNK,UNK
B,B,eng,O,UNK,UNK
E,M,eng,O,UNK,UNK
D,E,eng,O,UNK,UNK
SPACE,S,x,O,UNK,UNK
d,B,eng,O,UNK,UNK
o,M,eng,O,UNK,UNK
m,M,eng,O,UNK,UNK
a,M,eng,O,UNK,UNK
i,M,eng,O,UNK,UNK
n,E,eng,O,UNK,UNK
-,S,x,O,UNK,UNK
c,B,eng,O,UNK,UNK
o,M,eng,O,UNK,UNK
n,M,eng,O,UNK,UNK
t,M,eng,O,UNK,UNK
a,M,eng,O,UNK,UNK
i,M,eng,O,UNK,UNK
n,M,eng,O,UNK,UNK
i,M,eng,O,UNK,UNK
n,M,eng,O,UNK,UNK
g,E,eng,O,UNK,UNK
SPACE,S,x,O,UNK,UNK
NUM,S,x,O,UNK,UNK
;,S,x,O,UNK,UNK
sep,sep,sep,sep,sep,sep
SPACE,S,x,O,UNK,UNK
v,B,eng,O,UNK,UNK
s,E,eng,O,UNK,UNK
LB,S,x,O,UNK,UNK
C,B,eng,O,UNK,UNK
NUM,M,eng,O,UNK,UNK
NUM,M,eng,O,UNK,UNK
B,M,eng,O,UNK,UNK
L,E,eng,O,UNK,UNK
SPACE,S,x,O,UNK,UNK
/,S,x,O,UNK,UNK
SPACE,S,x,O,UNK,UNK
NUM,S,m,O,UNK,UNK
J,S,eng,O,UNK,UNK
",",S,x,O,UNK,UNK
SPACE,S,x,O,UNK,UNK
a,B,eng,O,UNK,UNK
P,E,eng,O,UNK,UNK
<,S,x,O,UNK,UNK
NUM,B,m,O,UNK,UNK
.,E,m,O,UNK,UNK
SPACE,S,x,O,UNK,UNK
NUM,B,m,O,UNK,UNK
NUM,E,m,O,UNK,UNK
",",S,x,O,UNK,UNK
sep,sep,sep,sep,sep,sep
SPACE,S,x,O,UNK,UNK
b,B,eng,O,UNK,UNK
P,E,eng,O,UNK,UNK
<,S,x,O,UNK,UNK
NUM,B,m,O,UNK,UNK
.,E,m,O,UNK,UNK
SPACE,S,x,O,UNK,UNK
NUM,B,m,O,UNK,UNK
NUM,E,m,O,UNK,UNK
;,S,x,O,UNK,UNK
v,B,eng,O,UNK,UNK
s,E,eng,O,UNK,UNK
SPACE,S,x,O,UNK,UNK
NUM,S,x,O,UNK,UNK
SPACE,S,x,O,UNK,UNK
n,B,eng,O,UNK,UNK
m,M,eng,O,UNK,UNK
o,M,eng,O,UNK,UNK
l,E,eng,O,UNK,UNK
SPACE,S,x,O,UNK,UNK
/,S,x,O,UNK,UNK
SPACE,S,x,O,UNK,UNK
L,S,x,O,UNK,UNK
",",S,x,O,UNK,UNK
sep,sep,sep,sep,sep,sep
SPACE,S,x,O,UNK,UNK
c,B,eng,O,UNK,UNK
P,E,eng,O,UNK,UNK
<,S,x,O,UNK,UNK
NUM,B,m,O,UNK,UNK
.,E,m,O,UNK,UNK
SPACE,S,x,O,UNK,UNK
NUM,B,m,O,UNK,UNK
NUM,E,m,O,UNK,UNK
",",S,x,O,UNK,UNK
SPACE,S,x,O,UNK,UNK
d,B,eng,O,UNK,UNK
P,E,eng,O,UNK,UNK
<,S,x,O,UNK,UNK
NUM,B,m,O,UNK,UNK
.,E,m,O,UNK,UNK
SPACE,S,x,O,UNK,UNK
NUM,B,m,O,UNK,UNK
NUM,E,m,O,UNK,UNK
;,S,x,O,UNK,UNK
v,B,eng,O,UNK,UNK
s,E,eng,O,UNK,UNK
SPACE,S,x,O,UNK,UNK
NUM,B,m,O,UNK,UNK
NUM,E,m,O,UNK,UNK
LB,S,x,O,UNK,UNK
n,B,eng,O,UNK,UNK
m,M,eng,O,UNK,UNK
o,M,eng,O,UNK,UNK
l,E,eng,O,UNK,UNK
SPACE,S,x,O,UNK,UNK
/,S,x,O,UNK,UNK
SPACE,S,x,O,UNK,UNK
L,S,x,O,UNK,UNK
",",S,x,O,UNK,UNK
sep,sep,sep,sep,sep,sep
SPACE,S,x,O,UNK,UNK
e,B,eng,O,UNK,UNK
P,E,eng,O,UNK,UNK
<,S,x,O,UNK,UNK
NUM,B,m,O,UNK,UNK
.,E,m,O,UNK,UNK
SPACE,S,x,O,UNK,UNK
NUM,B,m,O,UNK,UNK
NUM,E,m,O,UNK,UNK
LB,S,x,O,UNK,UNK
图,S,n,O,囗,tú
SPACE,S,x,O,UNK,UNK
NUM,S,x,O,UNK,UNK
SPACE,S,x,O,UNK,UNK
SPACE,S,x,O,UNK,UNK
胰,B,n,O,月,yí
岛,M,n,O,山,dǎo
素,E,n,O,糸,sù
刺,B,v,O,刂,cì
激,E,v,O,氵,jī
后,S,f,O,口,hòu
小,B,n,O,小,xiǎo
鼠,E,n,O,鼠,shǔ
肝,B,n,B-Anatomy,月,gān
脏,E,n,I-Anatomy,月,zàng
组,B,v,I-Anatomy,纟,zǔ
织,E,v,I-Anatomy,纟,zhī
SPACE,S,x,O,UNK,UNK
Z,B,eng,B-Test,UNK,UNK
B,M,eng,I-Test,UNK,UNK
E,M,eng,I-Test,UNK,UNK
D,M,eng,I-Test,UNK,UNK
NUM,E,eng,I-Test,UNK,UNK
SPACE,S,x,O,UNK,UNK
蛋,B,n,O,虫,dàn
白,E,n,O,白,bái
表,B,v,O,衣,biǎo
达,E,v,O,辶,dá
sep,sep,sep,sep,sep,sep
LB,S,x,O,UNK,UNK
F,B,eng,O,UNK,UNK
i,M,eng,O,UNK,UNK
g,E,eng,O,UNK,UNK
SPACE,S,x,O,UNK,UNK
NUM,S,x,O,UNK,UNK
SPACE,S,x,O,UNK,UNK
SPACE,S,x,O,UNK,UNK
SPACE,S,x,O,UNK,UNK
Z,B,eng,B-Test,UNK,UNK
B,M,eng,I-Test,UNK,UNK
E,M,eng,I-Test,UNK,UNK
D,M,eng,I-Test,UNK,UNK
NUM,E,eng,I-Test,UNK,UNK
SPACE,S,x,O,UNK,UNK
p,B,eng,O,UNK,UNK
r,M,eng,O,UNK,UNK
o,M,eng,O,UNK,UNK
t,M,eng,O,UNK,UNK
e,M,eng,O,UNK,UNK
i,M,eng,O,UNK,UNK
n,E,eng,O,UNK,UNK
SPACE,S,x,O,UNK,UNK
e,B,eng,O,UNK,UNK
x,M,eng,O,UNK,UNK
p,M,eng,O,UNK,UNK
r,M,eng,O,UNK,UNK
e,M,eng,O,UNK,UNK
s,M,eng,O,UNK,UNK
s,M,eng,O,UNK,UNK
i,M,eng,O,UNK,UNK
o,M,eng,O,UNK,UNK
n,M,eng,O,UNK,UNK
s,E,eng,O,UNK,UNK
SPACE,S,x,O,UNK,UNK
i,B,eng,O,UNK,UNK
n,E,eng,O,UNK,UNK
SPACE,S,x,O,UNK,UNK
l,B,eng,O,UNK,UNK
i,M,eng,O,UNK,UNK
v,M,eng,O,UNK,UNK
e,M,eng,O,UNK,UNK
r,E,eng,O,UNK,UNK
SPACE,S,x,O,UNK,UNK
t,B,eng,O,UNK,UNK
i,M,eng,O,UNK,UNK
s,M,eng,O,UNK,UNK
s,M,eng,O,UNK,UNK
u,M,eng,O,UNK,UNK
e,M,eng,O,UNK,UNK
s,E,eng,O,UNK,UNK
SPACE,S,x,O,UNK,UNK
i,B,eng,O,UNK,UNK
n,E,eng,O,UNK,UNK
SPACE,S,x,O,UNK,UNK
C,B,eng,O,UNK,UNK
NUM,M,eng,O,UNK,UNK
NUM,M,eng,O,UNK,UNK
B,M,eng,O,UNK,UNK
L,E,eng,O,UNK,UNK
SPACE,S,x,O,UNK,UNK
/,S,x,O,UNK,UNK
SPACE,S,x,O,UNK,UNK
NUM,S,m,O,UNK,UNK
J,S,eng,O,UNK,UNK
sep,sep,sep,sep,sep,sep
SPACE,S,x,O,UNK,UNK
a,B,eng,O,UNK,UNK
n,M,eng,O,UNK,UNK
d,E,eng,O,UNK,UNK
SPACE,S,x,O,UNK,UNK
d,B,eng,O,UNK,UNK
b,E,eng,O,UNK,UNK
SPACE,S,x,O,UNK,UNK
/,S,x,O,UNK,UNK
SPACE,S,x,O,UNK,UNK
d,B,eng,O,UNK,UNK
b,E,eng,O,UNK,UNK
LB,S,x,O,UNK,UNK
m,B,eng,O,UNK,UNK
i,M,eng,O,UNK,UNK
c,M,eng,O,UNK,UNK
e,E,eng,O,UNK,UNK
SPACE,S,x,O,UNK,UNK
a,B,eng,O,UNK,UNK
f,M,eng,O,UNK,UNK
t,M,eng,O,UNK,UNK
e,M,eng,O,UNK,UNK
r,E,eng,O,UNK,UNK
SPACE,S,x,O,UNK,UNK
i,B,eng,O,UNK,UNK
n,M,eng,O,UNK,UNK
s,M,eng,O,UNK,UNK
u,M,eng,O,UNK,UNK
l,M,eng,O,UNK,UNK
i,M,eng,O,UNK,UNK
n,E,eng,O,UNK,UNK
SPACE,S,x,O,UNK,UNK
s,B,eng,O,UNK,UNK
t,M,eng,O,UNK,UNK
i,M,eng,O,UNK,UNK
m,M,eng,O,UNK,UNK
u,M,eng,O,UNK,UNK
l,M,eng,O,UNK,UNK
a,M,eng,O,UNK,UNK
t,M,eng,O,UNK,UNK
i,M,eng,O,UNK,UNK
o,M,eng,O,UNK,UNK
n,E,eng,O,UNK,UNK
LB,S,x,O,UNK,UNK
白,S,a,O,白,bái
表,B,v,O,衣,biǎo
达,E,v,O,辶,dá
逐,B,d,O,辶,zhú
渐,E,d,O,氵,jiàn
降,B,v,O,阝,jiàng
低,E,v,O,亻,dī
。,S,x,O,UNK,UNK
sep,sep,sep,sep,sep,sep
SPACE,S,x,O,UNK,UNK
在,S,p,O,土,zài
各,S,r,O,口,gè
浓,B,n,O,氵,nóng
度,E,n,O,广,dù
作,B,v,O,亻,zuò
用,E,v,O,用,yòng
下,S,f,O,一,xià
",",S,x,O,UNK,UNK
sep,sep,sep,sep,sep,sep
d,B,eng,O,UNK,UNK
b,E,eng,O,UNK,UNK
SPACE,S,x,O,UNK,UNK
/,S,x,O,UNK,UNK
SPACE,S,x,O,UNK,UNK
d,B,eng,O,UNK,UNK
b,E,eng,O,UNK,UNK
SPACE,S,x,O,UNK,UNK
小,B,n,O,小,xiǎo
鼠,E,n,O,鼠,shǔ
肝,B,n,B-Anatomy,月,gān
脏,E,n,I-Anatomy,月,zàng
LB,S,x,I-Anatomy,UNK,UNK
组,B,v,I-Anatomy,纟,zǔ
织,E,v,I-Anatomy,纟,zhī
SPACE,S,x,O,UNK,UNK
Z,B,eng,B-Test,UNK,UNK
B,M,eng,I-Test,UNK,UNK
E,M,eng,I-Test,UNK,UNK
D,M,eng,I-Test,UNK,UNK
NUM,E,eng,I-Test,UNK,UNK
SPACE,S,x,O,UNK,UNK
蛋,B,n,O,虫,dàn
白,E,n,O,白,bái
表,B,v,O,衣,biǎo
达,E,v,O,辶,dá
量,S,n,O,里,liáng
均,S,d,O,土,jūn
明,B,a,O,日,míng
显,E,a,O,日,xiǎn
高,B,v,O,高,gāo
于,E,v,O,二,yú
SPACE,S,x,O,UNK,UNK
C,B,eng,O,UNK,UNK
NUM,M,eng,O,UNK,UNK
NUM,M,eng,O,UNK,UNK
B,M,eng,O,UNK,UNK
L,E,eng,O,UNK,UNK
SPACE,S,x,O,UNK,UNK
/,S,x,O,UNK,UNK
SPACE,S,x,O,UNK,UNK
NUM,S,m,O,UNK,UNK
J,S,eng,O,UNK,UNK
SPACE,S,x,O,UNK,UNK
小,B,n,O,小,xiǎo
鼠,E,n,O,鼠,shǔ
LB,S,x,O,UNK,UNK
(,S,x,O,UNK,UNK
P,S,x,O,UNK,UNK
<,S,x,O,UNK,UNK
NUM,B,m,O,UNK,UNK
.,E,m,O,UNK,UNK
SPACE,S,x,O,UNK,UNK
NUM,B,m,O,UNK,UNK
NUM,E,m,O,UNK,UNK
SPACE,S,x,O,UNK,UNK
或,S,c,O,戈,huò
SPACE,S,x,O,UNK,UNK
P,S,x,O,UNK,UNK
<,S,x,O,UNK,UNK
NUM,B,m,O,UNK,UNK
.,E,m,O,UNK,UNK
SPACE,S,x,O,UNK,UNK
NUM,B,m,O,UNK,UNK
NUM,E,m,O,UNK,UNK
),S,x,O,UNK,UNK
。,S,x,O,UNK,UNK
sep,sep,sep,sep,sep,sep
LB,S,x,O,UNK,UNK
五,S,m,O,二,wǔ
、,S,x,O,UNK,UNK
SPACE,S,x,O,UNK,UNK
胰,B,n,B-Drug,月,yí
岛,M,n,I-Drug,山,dǎo
素,E,n,I-Drug,糸,sù
刺,B,v,O,刂,cì
激,E,v,O,氵,jī
后,S,f,O,口,hòu
SPACE,S,x,O,UNK,UNK
C,B,eng,O,UNK,UNK
NUM,M,eng,O,UNK,UNK
NUM,M,eng,O,UNK,UNK
B,M,eng,O,UNK,UNK
L,E,eng,O,UNK,UNK
SPACE,S,x,O,UNK,UNK
/,S,x,O,UNK,UNK
SPACE,S,x,O,UNK,UNK
NUM,S,m,O,UNK,UNK
J,S,eng,O,UNK,UNK
SPACE,S,x,O,UNK,UNK
小,B,n,O,小,xiǎo
鼠,E,n,O,鼠,shǔ
与,S,p,O,一,yǔ
SPACE,S,x,O,UNK,UNK
d,B,eng,O,UNK,UNK
b,E,eng,O,UNK,UNK
SPACE,S,x,O,UNK,UNK
/,S,x,O,UNK,UNK
SPACE,S,x,O,UNK,UNK
d,B,eng,O,UNK,UNK
b,E,eng,O,UNK,UNK
SPACE,S,x,O,UNK,UNK
小,B,n,O,小,xiǎo
鼠,E,n,O,鼠,shǔ
sep,sep,sep,sep,sep,sep
LB,S,x,O,UNK,UNK
肝,B,n,B-Anatomy,月,gān
脏,E,n,I-Anatomy,月,zàng
组,B,v,I-Anatomy,纟,zǔ
织,E,v,I-Anatomy,纟,zhī
SPACE,S,x,O,UNK,UNK
Z,B,eng,B-Test,UNK,UNK
B,M,eng,I-Test,UNK,UNK
E,M,eng,I-Test,UNK,UNK
D,M,eng,I-Test,UNK,UNK
NUM,E,eng,I-Test,UNK,UNK
SPACE,S,x,O,UNK,UNK
蛋,B,n,O,虫,dàn
白,E,n,O,白,bái
表,B,v,O,衣,biǎo
达,E,v,O,辶,dá
差,B,n,O,工,chà
异,E,n,O,廾,yì
sep,sep,sep,sep,sep,sep
LB,S,x,O,UNK,UNK
分,B,d,O,刀,fēn
别,E,d,O,刂,bié
用,S,p,O,用,yòng
SPACE,S,x,O,UNK,UNK
NUM,S,x,O,UNK,UNK
、,S,x,O,UNK,UNK
NUM,B,m,O,UNK,UNK
NUM,E,m,O,UNK,UNK
SPACE,S,x,O,UNK,UNK
和,S,c,O,口,hé
SPACE,S,x,O,UNK,UNK
NUM,B,m,O,UNK,UNK
NUM,M,m,O,UNK,UNK
NUM,E,m,O,UNK,UNK
SPACE,S,x,O,UNK,UNK
n,B,eng,O,UNK,UNK
m,M,eng,O,UNK,UNK
o,M,eng,O,UNK,UNK
l,E,eng,O,UNK,UNK
SPACE,S,x,O,UNK,UNK
/,S,x,O,UNK,UNK
SPACE,S,x,O,UNK,UNK
L,S,x,O,UNK,UNK
SPACE,S,x,O,UNK,UNK
浓,B,n,O,氵,nóng
度,E,n,O,广,dù
的,S,uj,O,白,dí
胰,B,n,B-Drug,月,yí
岛,M,n,I-Drug,山,dǎo
素,E,n,I-Drug,糸,sù
刺,B,v,O,刂,cì
激,E,v,O,氵,jī
SPACE,S,x,O,UNK,UNK
NUM,S,x,B-Duration,UNK,UNK
SPACE,S,x,I-Duration,UNK,UNK
h,S,x,I-Duration,UNK,UNK
sep,sep,sep,sep,sep,sep
LB,S,x,O,UNK,UNK
后,S,f,O,口,hòu
",",S,x,O,UNK,UNK
NUM,S,x,O,UNK,UNK
SPACE,S,x,O,UNK,UNK
组,S,zg,O,纟,zǔ
小,B,n,O,小,xiǎo
鼠,E,n,O,鼠,shǔ
肝,B,n,B-Anatomy,月,gān
脏,E,n,I-Anatomy,月,zàng
组,B,v,I-Anatomy,纟,zǔ
织,E,v,I-Anatomy,纟,zhī
SPACE,S,x,O,UNK,UNK
Z,B,eng,B-Test,UNK,UNK
B,M,eng,I-Test,UNK,UNK
E,M,eng,I-Test,UNK,UNK
D,M,eng,I-Test,UNK,UNK
NUM,E,eng,I-Test,UNK,UNK
SPACE,S,x,O,UNK,UNK
蛋,B,n,O,虫,dàn
白,E,n,O,白,bái
表,B,v,O,衣,biǎo
达,E,v,O,辶,dá
如,S,v,O,女,rú
sep,sep,sep,sep,sep,sep
图,S,n,O,囗,tú
SPACE,S,x,O,UNK,UNK
NUM,S,x,O,UNK,UNK
SPACE,S,x,O,UNK,UNK
所,B,v,O,户,suǒ
示,E,v,O,示,shì
。,S,x,O,UNK,UNK
LB,S,x,O,UNK,UNK
d,B,eng,O,UNK,UNK
b,E,eng,O,UNK,UNK
SPACE,S,x,O,UNK,UNK
/,S,x,O,UNK,UNK
SPACE,S,x,O,UNK,UNK
d,B,eng,O,UNK,UNK
b,E,eng,O,UNK,UNK
SPACE,S,x,O,UNK,UNK
小,B,n,O,小,xiǎo
鼠,E,n,O,鼠,shǔ
肝,B,n,B-Anatomy,月,gān
脏,E,n,I-Anatomy,月,zàng
组,B,v,I-Anatomy,纟,zǔ
织,E,v,I-Anatomy,纟,zhī
SPACE,S,x,O,UNK,UNK
Z,B,eng,B-Test,UNK,UNK
B,M,eng,I-Test,UNK,UNK
E,M,eng,I-Test,UNK,UNK
D,M,eng,I-Test,UNK,UNK
NUM,E,eng,I-Test,UNK,UNK
SPACE,S,x,O,UNK,UNK
蛋,B,n,O,虫,dàn
白,E,n,O,白,bái
表,B,v,O,衣,biǎo
达,E,v,O,辶,dá
量,S,n,O,里,liáng
显,B,a,O,日,xiǎn
著,E,a,O,艹,zhù
高,B,v,O,高,gāo
于,E,v,O,二,yú
LB,S,x,O,UNK,UNK
C,B,eng,O,UNK,UNK
NUM,M,eng,O,UNK,UNK
NUM,M,eng,O,UNK,UNK
B,M,eng,O,UNK,UNK
L,E,eng,O,UNK,UNK
SPACE,S,x,O,UNK,UNK
/,S,x,O,UNK,UNK
SPACE,S,x,O,UNK,UNK
NUM,S,m,O,UNK,UNK
J,S,eng,O,UNK,UNK
SPACE,S,x,O,UNK,UNK
小,B,n,O,小,xiǎo
鼠,E,n,O,鼠,shǔ
(,S,x,O,UNK,UNK
P,S,x,O,UNK,UNK
<,S,x,O,UNK,UNK
NUM,B,m,O,UNK,UNK
.,E,m,O,UNK,UNK
SPACE,S,x,O,UNK,UNK
NUM,B,m,O,UNK,UNK
NUM,E,m,O,UNK,UNK
),S,x,O,UNK,UNK
;,S,x,O,UNK,UNK
sep,sep,sep,sep,sep,sep
随,B,p,O,阝,suí
着,E,p,O,目,zhuó
胰,B,n,B-Drug,月,yí
岛,M,n,I-Drug,山,dǎo
素,E,n,I-Drug,糸,sù
浓,B,n,O,氵,nóng
度,E,n,O,广,dù
的,S,uj,O,白,dí
增,B,v,O,土,zēng
高,E,v,O,高,gāo
",",S,x,O,UNK,UNK
sep,sep,sep,sep,sep,sep
LB,S,x,O,UNK,UNK
d,B,eng,O,UNK,UNK
b,E,eng,O,UNK,UNK
SPACE,S,x,O,UNK,UNK
/,S,x,O,UNK,UNK
SPACE,S,x,O,UNK,UNK
d,B,eng,O,UNK,UNK
b,E,eng,O,UNK,UNK
SPACE,S,x,O,UNK,UNK
小,B,n,O,小,xiǎo
鼠,E,n,O,鼠,shǔ
肝,B,n,B-Anatomy,月,gān
脏,E,n,I-Anatomy,月,zàng
组,B,v,I-Anatomy,纟,zǔ
织,E,v,I-Anatomy,纟,zhī
SPACE,S,x,O,UNK,UNK
Z,B,eng,B-Test,UNK,UNK
B,M,eng,I-Test,UNK,UNK
E,M,eng,I-Test,UNK,UNK
D,M,eng,I-Test,UNK,UNK
NUM,E,eng,I-Test,UNK,UNK
SPACE,S,x,O,UNK,UNK
蛋,B,n,O,虫,dàn
白,E,n,O,白,bái
表,B,v,O,衣,biǎo
达,E,v,O,辶,dá
逐,B,d,B-Test_Value,辶,zhú
渐,E,d,I-Test_Value,氵,jiàn
升,B,v,I-Test_Value,十,shēng
高,E,v,I-Test_Value,高,gāo
(,S,x,O,UNK,UNK
P,S,x,O,UNK,UNK
<,S,x,O,UNK,UNK
LB,S,x,O,UNK,UNK
NUM,B,m,O,UNK,UNK
.,E,m,O,UNK,UNK
SPACE,S,x,O,UNK,UNK
NUM,B,m,O,UNK,UNK
NUM,E,m,O,UNK,UNK
SPACE,S,x,O,UNK,UNK
或,S,c,O,戈,huò
SPACE,S,x,O,UNK,UNK
P,S,x,O,UNK,UNK
<,S,x,O,UNK,UNK
NUM,B,m,O,UNK,UNK
.,E,m,O,UNK,UNK
SPACE,S,x,O,UNK,UNK
NUM,B,m,O,UNK,UNK
NUM,E,m,O,UNK,UNK
),S,x,O,UNK,UNK
",",S,x,O,UNK,UNK
sep,sep,sep,sep,sep,sep
而,S,c,O,而,ér
SPACE,S,x,O,UNK,UNK
C,B,eng,O,UNK,UNK
NUM,M,eng,O,UNK,UNK
NUM,M,eng,O,UNK,UNK
B,M,eng,O,UNK,UNK
L,E,eng,O,UNK,UNK
SPACE,S,x,O,UNK,UNK
/,S,x,O,UNK,UNK
SPACE,S,x,O,UNK,UNK
NUM,S,m,O,UNK,UNK
J,S,eng,O,UNK,UNK
SPACE,S,x,O,UNK,UNK
小,B,n,O,小,xiǎo
鼠,E,n,O,鼠,shǔ
肝,B,n,B-Anatomy,月,gān
脏,E,n,I-Anatomy,月,zàng
组,B,v,I-Anatomy,纟,zǔ
织,E,v,I-Anatomy,纟,zhī
SPACE,S,x,O,UNK,UNK
Z,B,eng,B-Test,UNK,UNK
B,M,eng,I-Test,UNK,UNK
E,M,eng,I-Test,UNK,UNK
D,M,eng,I-Test,UNK,UNK
NUM,E,eng,I-Test,UNK,UNK
LB,S,x,O,UNK,UNK
蛋,B,n,O,虫,dàn
白,E,n,O,白,bái
表,B,v,O,衣,biǎo
达,E,v,O,辶,dá
无,S,v,B-Test_Value,一,wú
明,B,a,I-Test_Value,日,míng
显,E,a,I-Test_Value,日,xiǎn
变,B,vn,I-Test_Value,又,biàn
化,E,vn,I-Test_Value,亻,huà
(,S,x,O,UNK,UNK
P,S,x,O,UNK,UNK
>,S,x,O,UNK,UNK
NUM,B,m,O,UNK,UNK
.,E,m,O,UNK,UNK
SPACE,S,x,O,UNK,UNK
NUM,B,m,O,UNK,UNK
NUM,E,m,O,UNK,UNK
),S,x,O,UNK,UNK
。,S,x,O,UNK,UNK
sep,sep,sep,sep,sep,sep
LB,S,x,O,UNK,UNK
讨,S,v,O,讠,tǎo
SPACE,S,x,O,UNK,UNK
SPACE,S,x,O,UNK,UNK
SPACE,S,x,O,UNK,UNK
SPACE,S,x,O,UNK,UNK
论,S,zg,O,讠,lùn
LB,S,x,O,UNK,UNK
近,B,t,O,辶,jìn
年,E,t,O,干,nián
研,B,vn,O,石,yán
究,E,vn,O,穴,jiū
提,B,v,O,扌,tí
示,E,v,O,示,shì
SPACE,S,x,O,UNK,UNK
W,B,eng,B-Anatomy,UNK,UNK
n,M,eng,I-Anatomy,UNK,UNK
t,E,eng,I-Anatomy,UNK,UNK
SPACE,S,x,I-Anatomy,UNK,UNK
通,B,n,I-Anatomy,辶,tōng
路,E,n,I-Anatomy,足,lù
能,S,v,O,月,néng
促,B,v,O,亻,cù
进,E,v,O,辶,jìn
胰,B,n,B-Anatomy,月,yí
岛,E,n,I-Anatomy,山,dǎo
SPACE,S,x,I-Anatomy,UNK,UNK
β,S,x,I-Anatomy,UNK,UNK
SPACE,S,x,I-Anatomy,UNK,UNK
细,B,n,I-Anatomy,纟,xì
胞,E,n,I-Anatomy,月,bāo
的,S,uj,O,白,dí
增,S,v,O,土,zēng
LB,S,x,O,UNK,UNK
殖,B,v,O,歹,zhí
并,E,v,O,干,bìng
诱,B,vn,O,讠,yòu
导,E,vn,O,寸,dǎo
葡,B,n,O,艹,pú
萄,M,n,O,艹,táo
糖,E,n,O,米,táng
刺,B,v,O,刂,cì
激,E,v,O,氵,jī
的,S,uj,O,白,dí
胰,B,n,B-Anatomy,月,yí
岛,M,n,I-Anatomy,山,dǎo
素,E,n,I-Anatomy,糸,sù
分,B,v,O,刀,fēn
泌,E,v,O,氵,mì
[,S,x,O,UNK,UNK
NUM,S,x,O,UNK,UNK
],S,x,O,UNK,UNK
。,S,x,O,UNK,UNK
sep,sep,sep,sep,sep,sep
SPACE,S,x,O,UNK,UNK
W,B,eng,O,UNK,UNK
n,M,eng,O,UNK,UNK
t,E,eng,O,UNK,UNK
SPACE,S,x,O,UNK,UNK
通,B,n,O,辶,tōng
路,E,n,O,足,lù
中,S,f,O,丨,zhōng
的,S,uj,O,白,dí
LB,S,x,O,UNK,UNK
A,B,eng,B-Anatomy,UNK,UNK
x,M,eng,I-Anatomy,UNK,UNK
i,M,eng,I-Anatomy,UNK,UNK
n,E,eng,I-Anatomy,UNK,UNK
SPACE,S,x,I-Anatomy,UNK,UNK
复,B,n,I-Anatomy,夂,fù
合,M,n,I-Anatomy,口,hé
体,E,n,I-Anatomy,亻,tǐ
处,B,v,O,夂,chǔ
于,E,v,O,二,yú
调,B,vn,O,讠,tiáo
节,E,vn,O,艹,jié
稳,B,n,O,禾,wěn
态,E,n,O,心,tài
",",S,x,O,UNK,UNK
sep,sep,sep,sep,sep,sep
C,B,eng,B-Anatomy,UNK,UNK
K,M,eng,I-Anatomy,UNK,UNK
NUM,E,eng,I-Anatomy,UNK,UNK
α,S,x,I-Anatomy,UNK,UNK
SPACE,S,x,O,UNK,UNK
和,S,c,O,口,hé
SPACE,S,x,O,UNK,UNK
G,B,eng,B-Anatomy,UNK,UNK
S,M,eng,I-Anatomy,UNK,UNK
K,M,eng,I-Anatomy,UNK,UNK
NUM,E,eng,I-Anatomy,UNK,UNK
SPACE,S,x,O,UNK,UNK
可,B,c,O,口,kě
以,E,c,O,人,yǐ
磷,B,nz,O,石,lín
酸,E,nz,O,酉,suān
LB,S,x,O,UNK,UNK
化,S,n,O,亻,huà
SPACE,S,x,O,UNK,UNK
A,B,eng,B-Anatomy,UNK,UNK
x,M,eng,I-Anatomy,UNK,UNK
i,M,eng,I-Anatomy,UNK,UNK
n,E,eng,I-Anatomy,UNK,UNK
、,S,x,O,UNK,UNK
A,B,eng,B-Anatomy,UNK,UNK
P,M,eng,I-Anatomy,UNK,UNK
C,E,eng,I-Anatomy,UNK,UNK
",",S,x,O,UNK,UNK
sep,sep,sep,sep,sep,sep
促,B,v,O,亻,cù
进,E,v,O,辶,jìn
复,B,n,O,夂,fù
合,M,n,O,口,hé
体,E,n,O,亻,tǐ
的,S,uj,O,白,dí
形,B,v,O,彡,xíng
成,E,v,O,戈,chéng
[,S,x,O,UNK,UNK
NUM,S,x,O,UNK,UNK
],S,x,O,UNK,UNK
。,S,x,O,UNK,UNK
sep,sep,sep,sep,sep,sep
SPACE,S,x,O,UNK,UNK
C,B,eng,O,UNK,UNK
h,M,eng,O,UNK,UNK
e,M,eng,O,UNK,UNK
n,E,eng,O,UNK,UNK
SPACE,S,x,O,UNK,UNK
等,S,u,O,竹,děng
[,S,x,O,UNK,UNK
NUM,S,x,O,UNK,UNK
],S,x,O,UNK,UNK
SPACE,S,x,O,UNK,UNK
研,B,vn,O,石,yán
究,E,vn,O,穴,jiū
LB,S,x,O,UNK,UNK
发,B,v,O,又,fā
现,E,v,O,见,xiàn
SPACE,S,x,O,UNK,UNK
Z,B,eng,B-Test,UNK,UNK
B,M,eng,I-Test,UNK,UNK
E,M,eng,I-Test,UNK,UNK
D,M,eng,I-Test,UNK,UNK
NUM,E,eng,I-Test,UNK,UNK
SPACE,S,x,O,UNK,UNK
包,B,v,O,勹,bāo
含,E,v,O,口,hán
SPACE,S,x,O,UNK,UNK
P,B,eng,O,UNK,UNK
P,M,eng,O,UNK,UNK
P,M,eng,O,UNK,UNK
P,M,eng,O,UNK,UNK
S,M,eng,O,UNK,UNK
P,M,eng,O,UNK,UNK
T,E,eng,O,UNK,UNK
SPACE,S,x,O,UNK,UNK
结,B,n,O,纟,jié
构,E,n,O,木,gòu
",",S,x,O,UNK,UNK
sep,sep,sep,sep,sep,sep
该,S,r,O,讠,gāi
片,B,m,O,片,piàn
段,E,m,O,殳,duàn
可,B,c,O,口,kě
以,E,c,O,人,yǐ
与,S,p,O,一,yǔ
SPACE,S,x,O,UNK,UNK
A,B,eng,B-Anatomy,UNK,UNK
x,M,eng,I-Anatomy,UNK,UNK
i,M,eng,I-Anatomy,UNK,UNK
n,E,eng,I-Anatomy,UNK,UNK
LB,S,x,O,UNK,UNK
紧,B,i,O,糸,jǐn
密,M,i,O,宀,mì
结,M,i,O,纟,jié
合,E,i,O,口,hé
从,B,c,O,人,cóng
而,E,c,O,而,ér
参,B,v,O,厶,cān
与,E,v,O,一,yǔ
SPACE,S,x,O,UNK,UNK
A,B,eng,B-Anatomy,UNK,UNK
x,M,eng,I-Anatomy,UNK,UNK
i,M,eng,I-Anatomy,UNK,UNK
n,E,eng,I-Anatomy,UNK,UNK
SPACE,S,x,I-Anatomy,UNK,UNK
复,B,n,I-Anatomy,夂,fù
合,M,n,I-Anatomy,口,hé
体,E,n,I-Anatomy,亻,tǐ
的,S,uj,O,白,dí
调,B,vn,O,讠,tiáo
节,E,vn,O,艹,jié
",",S,x,O,UNK,UNK
sep,sep,sep,sep,sep,sep
是,S,v,O,日,shì
一,B,m,O,一,yī
种,E,m,O,禾,zhǒng
新,S,a,O,斤,xīn
的,S,uj,O,白,dí
能,S,n,O,月,néng
LB,S,x,O,UNK,UNK
活,B,vn,O,氵,huó
化,E,vn,O,亻,huà
SPACE,S,x,O,UNK,UNK
W,B,eng,B-Anatomy,UNK,UNK
n,M,eng,I-Anatomy,UNK,UNK
t,E,eng,I-Anatomy,UNK,UNK
SPACE,S,x,I-Anatomy,UNK,UNK
信,B,n,I-Anatomy,亻,xìn
号,E,n,I-Anatomy,口,hào
通,B,n,I-Anatomy,辶,tōng
路,E,n,I-Anatomy,足,lù
的,S,uj,O,白,dí
SPACE,S,x,O,UNK,UNK
A,B,eng,B-Anatomy,UNK,UNK
x,M,eng,I-Anatomy,UNK,UNK
i,M,eng,I-Anatomy,UNK,UNK
n,E,eng,I-Anatomy,UNK,UNK
SPACE,S,x,I-Anatomy,UNK,UNK
相,B,v,I-Anatomy,目,xiāng
关,E,v,I-Anatomy,丷,guān
蛋,B,n,I-Anatomy,虫,dàn
白,E,n,I-Anatomy,白,bái
。,S,x,O,UNK,UNK
sep,sep,sep,sep,sep,sep
SPACE,S,x,O,UNK,UNK
因,B,c,O,囗,yīn
此,E,c,O,止,cǐ
本,S,r,O,木,běn
研,B,vn,O,石,yán
究,E,vn,O,穴,jiū
推,S,v,O,扌,tuī
LB,S,x,O,UNK,UNK
测,S,vn,O,氵,cè
SPACE,S,x,O,UNK,UNK
Z,B,eng,B-Test,UNK,UNK
B,M,eng,I-Test,UNK,UNK
E,M,eng,I-Test,UNK,UNK
D,M,eng,I-Test,UNK,UNK
NUM,E,eng,I-Test,UNK,UNK
SPACE,S,x,O,UNK,UNK
可,B,v,O,口,kě
能,E,v,O,月,néng
参,B,v,O,厶,cān
与,E,v,O,一,yǔ
机,B,n,O,木,jī
体,E,n,O,亻,tǐ
糖,S,zg,O,米,táng
代,B,v,O,亻,dài
谢,E,v,O,讠,xiè
",",S,x,O,UNK,UNK
sep,sep,sep,sep,sep,sep
在,S,p,O,土,zài
糖,B,n,B-Disease,米,táng
尿,M,n,I-Disease,尸,niào
病,E,n,I-Disease,疒,bìng
的,S,uj,O,白,dí
发,B,v,O,又,fā
生,E,v,O,生,shēng
和,S,c,O,口,hé
发,S,v,O,又,fā
LB,S,x,O,UNK,UNK
展,B,v,O,尸,zhǎn
起,E,v,O,走,qǐ
重,B,a,O,里,zhòng
要,E,a,O,覀,yào
作,B,v,O,亻,zuò
用,E,v,O,用,yòng
。,S,x,O,UNK,UNK
sep,sep,sep,sep,sep,sep
LB,S,x,O,UNK,UNK
本,S,r,O,木,běn
研,B,vn,O,石,yán
究,E,vn,O,穴,jiū
分,B,vn,O,刀,fēn
析,E,vn,O,木,xī
了,S,ul,O,乙,liǎo
SPACE,S,x,O,UNK,UNK
Z,B,eng,B-Test,UNK,UNK
B,M,eng,I-Test,UNK,UNK
E,M,eng,I-Test,UNK,UNK
D,M,eng,I-Test,UNK,UNK
NUM,E,eng,I-Test,UNK,UNK
SPACE,S,x,O,UNK,UNK
m,B,eng,O,UNK,UNK
R,M,eng,O,UNK,UNK
N,M,eng,O,UNK,UNK
A,E,eng,O,UNK,UNK
SPACE,S,x,O,UNK,UNK
在,S,p,O,土,zài
SPACE,S,x,O,UNK,UNK
C,B,eng,O,UNK,UNK
NUM,M,eng,O,UNK,UNK
NUM,M,eng,O,UNK,UNK
B,M,eng,O,UNK,UNK
L,E,eng,O,UNK,UNK
SPACE,S,x,O,UNK,UNK
/,S,x,O,UNK,UNK
SPACE,S,x,O,UNK,UNK
NUM,S,m,O,UNK,UNK
J,S,eng,O,UNK,UNK
SPACE,S,x,O,UNK,UNK
小,B,n,O,小,xiǎo
鼠,E,n,O,鼠,shǔ
组,S,zg,O,纟,zǔ
LB,S,x,O,UNK,UNK
织,S,v,O,纟,zhī
中,S,f,O,丨,zhōng
的,S,uj,O,白,dí
分,B,v,O,刀,fēn
布,E,v,O,巾,bù
情,B,n,O,忄,qíng
况,E,n,O,冫,kuàng
",",S,x,O,UNK,UNK
sep,sep,sep,sep,sep,sep
结,B,n,O,纟,jié
果,M,n,O,木,guǒ
显,M,n,O,日,xiǎn
示,E,n,O,示,shì
SPACE,S,x,O,UNK,UNK
Z,B,eng,B-Test,UNK,UNK
B,M,eng,I-Test,UNK,UNK
E,M,eng,I-Test,UNK,UNK
D,M,eng,I-Test,UNK,UNK
NUM,E,eng,I-Test,UNK,UNK
SPACE,S,x,O,UNK,UNK
在,S,p,O,土,zài
小,B,n,O,小,xiǎo
鼠,E,n,O,鼠,shǔ
多,B,m,O,夕,duō
个,E,m,O,人,gè
组,B,v,O,纟,zǔ
织,E,v,O,纟,zhī
中,S,f,O,丨,zhōng
LB,S,x,O,UNK,UNK
均,S,d,O,土,jūn
有,S,v,O,月,yǒu
不,B,a,O,一,bù
同,E,a,O,口,tóng
程,B,n,O,禾,chéng
度,E,n,O,广,dù
的,S,uj,O,白,dí
表,B,v,O,衣,biǎo
达,E,v,O,辶,dá
",",S,x,O,UNK,UNK
sep,sep,sep,sep,sep,sep
提,B,v,O,扌,tí
示,E,v,O,示,shì
其,S,r,O,八,qí
表,B,v,O,衣,biǎo
达,E,v,O,辶,dá
具,B,v,O,八,jù
有,E,v,O,月,yǒu
广,B,nr,O,广,guǎng
泛,M,nr,O,氵,fàn
性,E,nr,O,忄,xìng
。,S,x,O,UNK,UNK
sep,sep,sep,sep,sep,sep
SPACE,S,x,O,UNK,UNK
但,B,c,O,亻,dàn
其,E,c,O,八,qí
LB,S,x,O,UNK,UNK
m,B,eng,O,UNK,UNK
R,M,eng,O,UNK,UNK
N,M,eng,O,UNK,UNK
A,E,eng,O,UNK,UNK
SPACE,S,x,O,UNK,UNK
相,B,d,O,目,xiāng
对,E,d,O,寸,duì
表,B,v,O,衣,biǎo
达,E,v,O,辶,dá
量,S,n,O,里,liáng
以,S,p,O,人,yǐ
肌,B,n,B-Anatomy,月,jī
肉,E,n,I-Anatomy,肉,ròu
最,B,a,O,曰,zuì
高,E,a,O,高,gāo
",",S,x,O,UNK,UNK
sep,sep,sep,sep,sep,sep
SPACE,S,x,O,UNK,UNK
肝,B,n,B-Anatomy,月,gān
脏,E,n,I-Anatomy,月,zàng
最,B,a,O,曰,zuì
低,E,a,O,亻,dī
",",S,x,O,UNK,UNK
SPACE,S,x,O,UNK,UNK
推,B,v,O,扌,tuī
测,E,v,O,氵,cè
LB,S,x,O,UNK,UNK
Z,B,eng,B-Test,UNK,UNK
B,M,eng,I-Test,UNK,UNK
E,M,eng,I-Test,UNK,UNK
D,M,eng,I-Test,UNK,UNK
NUM,E,eng,I-Test,UNK,UNK
SPACE,S,x,O,UNK,UNK
可,B,v,O,口,kě
能,E,v,O,月,néng
作,B,v,O,亻,zuò
为,E,v,O,丶,wéi
“,S,x,O,UNK,UNK
肌,B,n,B-Anatomy,月,jī
肉,E,n,I-Anatomy,肉,ròu
因,B,n,O,囗,yīn
子,E,n,O,子,zǐ
冶,S,zg,O,冫,yě
参,B,v,O,厶,cān
与,E,v,O,一,yǔ
运,B,vn,O,辶,yùn
动,E,vn,O,力,dòng
相,B,v,O,目,xiāng
关,E,v,O,丷,guān
的,S,uj,O,白,dí
代,B,v,O,亻,dài
谢,E,v,O,讠,xiè
调,S,v,O,讠,tiáo
LB,S,x,O,UNK,UNK
节,S,t,O,艹,jié
",",S,x,O,UNK,UNK
sep,sep,sep,sep,sep,sep
具,B,a,O,八,jù
体,E,a,O,亻,tǐ
的,S,uj,O,白,dí
机,B,n,O,木,jī
制,E,n,O,刂,zhì
尚,S,d,O,小,shàng
不,S,d,O,一,bù
明,B,ad,O,日,míng
确,E,ad,O,石,què
。,S,x,O,UNK,UNK
sep,sep,sep,sep,sep,sep
LB,S,x,O,UNK,UNK
肝,B,n,B-Anatomy,月,gān
脏,E,n,I-Anatomy,月,zàng
作,B,v,O,亻,zuò
为,E,v,O,丶,wéi
机,B,n,O,木,jī
体,E,n,O,亻,tǐ
的,S,uj,O,白,dí
“,S,x,O,UNK,UNK
加,B,nt,O,力,jiā
工,M,nt,O,工,gōng
厂,E,nt,O,厂,chǎng
冶,S,zg,O,冫,yě
",",S,x,O,UNK,UNK
sep,sep,sep,sep,sep,sep
是,S,v,O,日,shì
糖,B,n,O,米,táng
脂,E,n,O,月,zhī
代,B,v,O,亻,dài
谢,E,v,O,讠,xiè
的,S,uj,O,白,dí
重,B,a,O,里,zhòng
要,E,a,O,覀,yào
器,S,n,O,口,qì
LB,S,x,O,UNK,UNK
官,S,n,O,宀,guān
",",S,x,O,UNK,UNK
sep,sep,sep,sep,sep,sep
因,B,c,O,囗,yīn
此,E,c,O,止,cǐ
本,S,r,O,木,běn
研,B,vn,O,石,yán
究,E,vn,O,穴,jiū
选,B,v,O,辶,xuǎn
用,E,v,O,用,yòng
肝,B,n,B-Anatomy,月,gān
脏,E,n,I-Anatomy,月,zàng
组,B,v,I-Anatomy,纟,zǔ
织,E,v,I-Anatomy,纟,zhī
进,B,v,O,辶,jìn
行,E,v,O,行,háng
离,B,n,O,亠,lí
体,E,n,O,亻,tǐ
培,B,v,O,土,péi
养,E,v,O,丷,yǎng
及,S,c,O,又,jí
进,B,v,O,辶,jìn
行,E,v,O,行,háng
相,S,v,O,目,xiāng
LB,S,x,O,UNK,UNK
关,S,v,O,丷,guān
研,B,vn,O,石,yán
究,E,vn,O,穴,jiū
",",S,x,O,UNK,UNK
sep,sep,sep,sep,sep,sep
初,B,d,O,刀,chū
步,E,d,O,止,bù
探,B,v,O,扌,tàn
讨,E,v,O,讠,tǎo
SPACE,S,x,O,UNK,UNK
Z,B,eng,B-Test,UNK,UNK
B,M,eng,I-Test,UNK,UNK
E,M,eng,I-Test,UNK,UNK
D,M,eng,I-Test,UNK,UNK
NUM,E,eng,I-Test,UNK,UNK
SPACE,S,x,O,UNK,UNK
在,S,p,O,土,zài
糖,B,n,O,米,táng
脂,E,n,O,月,zhī
代,B,v,O,亻,dài
谢,E,v,O,讠,xiè
中,S,f,O,丨,zhōng
的,S,uj,O,白,dí
作,B,v,O,亻,zuò
用,E,v,O,用,yòng
。,S,x,O,UNK,UNK
sep,sep,sep,sep,sep,sep
SPACE,S,x,O,UNK,UNK
本,S,r,O,木,běn
研,S,vn,O,石,yán
LB,S,x,O,UNK,UNK
究,S,d,O,穴,jiū
显,B,v,O,日,xiǎn
示,E,v,O,示,shì
",",S,x,O,UNK,UNK
d,B,eng,O,UNK,UNK
b,E,eng,O,UNK,UNK
SPACE,S,x,O,UNK,UNK
/,S,x,O,UNK,UNK
SPACE,S,x,O,UNK,UNK
d,B,eng,O,UNK,UNK
b,E,eng,O,UNK,UNK
SPACE,S,x,O,UNK,UNK
小,B,n,O,小,xiǎo
鼠,E,n,O,鼠,shǔ
肝,B,n,B-Anatomy,月,gān
脏,E,n,I-Anatomy,月,zàng
组,B,v,I-Anatomy,纟,zǔ
织,E,v,I-Anatomy,纟,zhī
SPACE,S,x,O,UNK,UNK
Z,B,eng,B-Test,UNK,UNK
B,M,eng,I-Test,UNK,UNK
E,M,eng,I-Test,UNK,UNK
D,M,eng,I-Test,UNK,UNK
NUM,E,eng,I-Test,UNK,UNK
SPACE,S,x,O,UNK,UNK
蛋,B,n,O,虫,dàn
白,E,n,O,白,bái
表,B,v,O,衣,biǎo
达,E,v,O,辶,dá
明,B,a,O,日,míng
显,E,a,O,日,xiǎn
高,S,a,O,高,gāo
LB,S,x,O,UNK,UNK
于,S,p,O,二,yú
野,B,b,O,里,yě
生,E,b,O,生,shēng
对,B,p,O,寸,duì
照,E,p,O,灬,zhào
SPACE,S,x,O,UNK,UNK
C,B,eng,O,UNK,UNK
NUM,M,eng,O,UNK,UNK
NUM,M,eng,O,UNK,UNK
B,M,eng,O,UNK,UNK
L,E,eng,O,UNK,UNK
SPACE,S,x,O,UNK,UNK
/,S,x,O,UNK,UNK
SPACE,S,x,O,UNK,UNK
NUM,S,m,O,UNK,UNK
J,S,eng,O,UNK,UNK
SPACE,S,x,O,UNK,UNK
小,B,n,O,小,xiǎo
鼠,E,n,O,鼠,shǔ
",",S,x,O,UNK,UNK
sep,sep,sep,sep,sep,sep
两,B,n,O,一,liǎng
者,E,n,O,耂,zhě
表,B,v,O,衣,biǎo
达,E,v,O,辶,dá
的,S,uj,O,白,dí
差,B,l,O,工,chà
异,M,l,O,廾,yì
性,E,l,O,忄,xìng
提,B,v,O,扌,tí
示,E,v,O,示,shì
LB,S,x,O,UNK,UNK
Z,B,eng,B-Test,UNK,UNK
B,M,eng,I-Test,UNK,UNK
E,M,eng,I-Test,UNK,UNK
D,M,eng,I-Test,UNK,UNK
NUM,E,eng,I-Test,UNK,UNK
SPACE,S,x,O,UNK,UNK
可,B,v,O,口,kě
能,E,v,O,月,néng
在,S,p,O,土,zài
血,B,n,B-Test,血,xiě
糖,E,n,I-Test,米,táng
升,B,v,B-Test_Value,十,shēng
高,E,v,I-Test_Value,高,gāo
时,S,n,O,日,shí
参,B,v,O,厶,cān
与,E,v,O,一,yǔ
糖,S,zg,O,米,táng
代,B,v,O,亻,dài
谢,E,v,O,讠,xiè
调,B,vn,O,讠,tiáo
节,E,vn,O,艹,jié
。,S,x,O,UNK,UNK
sep,sep,sep,sep,sep,sep
LB,S,x,O,UNK,UNK
利,B,nr,B-Drug,刂,lì
拉,M,nr,I-Drug,扌,lā
鲁,E,nr,I-Drug,鱼,lǔ
肽,S,ng,I-Drug,月,tài
SPACE,S,x,O,UNK,UNK
(,S,x,O,UNK,UNK
SPACE,S,x,O,UNK,UNK
L,B,eng,O,UNK,UNK
i,M,eng,O,UNK,UNK
r,M,eng,O,UNK,UNK
a,M,eng,O,UNK,UNK
g,M,eng,O,UNK,UNK
l,M,eng,O,UNK,UNK
u,M,eng,O,UNK,UNK
t,M,eng,O,UNK,UNK
i,M,eng,O,UNK,UNK
d,M,eng,O,UNK,UNK
e,E,eng,O,UNK,UNK
),S,x,O,UNK,UNK
SPACE,S,x,O,UNK,UNK
作,B,v,O,亻,zuò
为,E,v,O,丶,wéi
长,B,a,B-Anatomy,长,cháng
效,E,a,I-Anatomy,攵,xiào
胰,B,n,I-Anatomy,月,yí
升,M,n,I-Anatomy,十,shēng
糖,M,n,I-Anatomy,米,táng
素,E,n,I-Anatomy,糸,sù
样,B,n,I-Anatomy,木,yàng
肽,E,n,I-Anatomy,月,tài
LB,S,x,O,UNK,UNK
(,S,x,O,UNK,UNK
g,B,eng,O,UNK,UNK
l,M,eng,O,UNK,UNK
u,M,eng,O,UNK,UNK
c,M,eng,O,UNK,UNK
a,M,eng,O,UNK,UNK
g,M,eng,O,UNK,UNK
o,M,eng,O,UNK,UNK
n,E,eng,O,UNK,UNK
SPACE,S,x,O,UNK,UNK
l,B,eng,O,UNK,UNK
i,M,eng,O,UNK,UNK
k,M,eng,O,UNK,UNK
e,E,eng,O,UNK,UNK
SPACE,S,x,O,UNK,UNK
p,B,eng,O,UNK,UNK
e,M,eng,O,UNK,UNK
p,M,eng,O,UNK,UNK
t,M,eng,O,UNK,UNK
i,M,eng,O,UNK,UNK
d,M,eng,O,UNK,UNK
e,E,eng,O,UNK,UNK
",",S,x,O,UNK,UNK
sep,sep,sep,sep,sep,sep
SPACE,S,x,O,UNK,UNK
G,B,eng,B-Anatomy,UNK,UNK
L,M,eng,I-Anatomy,UNK,UNK
P,E,eng,I-Anatomy,UNK,UNK
),S,x,O,UNK,UNK
-,S,x,O,UNK,UNK
NUM,S,x,O,UNK,UNK
SPACE,S,x,O,UNK,UNK
类,B,n,O,米,lèi
似,M,n,O,亻,sì
物,E,n,O,牜,wù
",",S,x,O,UNK,UNK
可,B,c,O,口,kě
以,E,c,O,人,yǐ
促,B,v,O,亻,cù
进,E,v,O,辶,jìn
SPACE,S,x,O,UNK,UNK
β,S,x,B-Anatomy,UNK,UNK
SPACE,S,x,I-Anatomy,UNK,UNK
细,S,a,I-Anatomy,纟,xì
LB,S,x,I-Anatomy,UNK,UNK
胞,B,n,I-Anatomy,月,bāo
的,E,n,O,白,dí
再,B,v,O,冂,zài
生,E,v,O,生,shēng
",",S,x,O,UNK,UNK
sep,sep,sep,sep,sep,sep
刺,B,v,O,刂,cì
激,E,v,O,氵,jī
其,S,r,O,八,qí
增,B,v,O,土,zēng
殖,E,v,O,歹,zhí
并,S,c,O,干,bìng
抑,B,v,O,扌,yì
制,E,v,O,刂,zhì
其,S,r,O,八,qí
凋,B,v,O,冫,diāo
亡,E,v,O,亠,wáng
",",S,x,O,UNK,UNK
sep,sep,sep,sep,sep,sep
从,B,c,O,人,cóng
而,E,c,O,而,ér
增,B,v,O,土,zēng
加,E,v,O,力,jiā
胰,S,n,O,月,yí
LB,S,x,O,UNK,UNK
岛,S,n,O,山,dǎo
SPACE,S,x,O,UNK,UNK
β,S,x,B-Anatomy,UNK,UNK
SPACE,S,x,I-Anatomy,UNK,UNK
细,B,n,I-Anatomy,纟,xì
胞,E,n,I-Anatomy,月,bāo
的,S,uj,O,白,dí
数,B,n,O,攵,shù
量,E,n,O,里,liáng
和,S,c,O,口,hé
质,B,n,O,贝,zhì
量,E,n,O,里,liáng
。,S,x,O,UNK,UNK
sep,sep,sep,sep,sep,sep
SPACE,S,x,O,UNK,UNK
另,S,r,O,口,lìng
有,S,v,O,月,yǒu
研,B,vn,O,石,yán
究,E,vn,O,穴,jiū
报,B,v,O,扌,bào
道,E,v,O,辶,dào
细,B,n,O,纟,xì
胞,E,n,O,月,bāo
内,S,n,O,冂,nèi
LB,S,x,O,UNK,UNK
G,B,eng,B-Anatomy,UNK,UNK
L,M,eng,I-Anatomy,UNK,UNK
P,E,eng,I-Anatomy,UNK,UNK
-,S,x,I-Anatomy,UNK,UNK
NUM,S,x,I-Anatomy,UNK,UNK
SPACE,S,x,O,UNK,UNK
对,S,p,O,寸,duì
SPACE,S,x,O,UNK,UNK
W,B,eng,B-Anatomy,UNK,UNK
n,M,eng,I-Anatomy,UNK,UNK
t,E,eng,I-Anatomy,UNK,UNK
SPACE,S,x,I-Anatomy,UNK,UNK
信,B,n,I-Anatomy,亻,xìn
号,E,n,I-Anatomy,口,hào
通,B,n,I-Anatomy,辶,tōng
路,E,n,I-Anatomy,足,lù
起,S,v,O,走,qǐ
着,S,uz,O,目,zhuó
负,B,n,O,贝,fù
反,M,n,O,又,fǎn
馈,E,n,O,饣,kuì
调,B,vn,O,讠,tiáo
节,E,vn,O,艹,jié
的,S,uj,O,白,dí
作,B,v,O,亻,zuò
用,E,v,O,用,yòng
",",S,x,O,UNK,UNK
sep,sep,sep,sep,sep,sep
而,S,c,O,而,ér
LB,S,x,O,UNK,UNK
W,B,eng,B-Anatomy,UNK,UNK
n,M,eng,I-Anatomy,UNK,UNK
t,E,eng,I-Anatomy,UNK,UNK
SPACE,S,x,O,UNK,UNK
/,S,x,O,UNK,UNK
SPACE,S,x,O,UNK,UNK
β,S,x,B-Anatomy,UNK,UNK
-,S,x,I-Anatomy,UNK,UNK
c,B,eng,I-Anatomy,UNK,UNK
a,M,eng,I-Anatomy,UNK,UNK
t,M,eng,I-Anatomy,UNK,UNK
e,M,eng,I-Anatomy,UNK,UNK
n,M,eng,I-Anatomy,UNK,UNK
i,M,eng,I-Anatomy,UNK,UNK
n,E,eng,I-Anatomy,UNK,UNK
SPACE,S,x,O,UNK,UNK
通,B,n,O,辶,tōng
路,E,n,O,足,lù
也,S,d,O,乙,yě
可,S,v,O,口,kě
促,B,v,O,亻,cù
进,E,v,O,辶,jìn
SPACE,S,x,O,UNK,UNK
G,B,eng,B-Anatomy,UNK,UNK
L,M,eng,I-Anatomy,UNK,UNK
P,E,eng,I-Anatomy,UNK,UNK
-,S,x,I-Anatomy,UNK,UNK
NUM,S,x,I-Anatomy,UNK,UNK
SPACE,S,x,O,UNK,UNK
的,S,uj,O,白,dí
表,B,v,O,衣,biǎo
达,E,v,O,辶,dá
[,S,x,O,UNK,UNK
NUM,S,x,O,UNK,UNK
",",S,x,O,UNK,UNK
NUM,S,x,O,UNK,UNK
],S,x,O,UNK,UNK
。,S,x,O,UNK,UNK
sep,sep,sep,sep,sep,sep
SPACE,S,x,O,UNK,UNK
因,B,c,O,囗,yīn
此,E,c,O,止,cǐ
LB,S,x,O,UNK,UNK
本,S,r,O,木,běn
研,B,vn,O,石,yán
究,E,vn,O,穴,jiū
分,B,d,O,刀,fēn
别,E,d,O,刂,bié
用,S,p,O,用,yòng
不,B,a,O,一,bù
同,E,a,O,口,tóng
浓,B,n,O,氵,nóng
度,E,n,O,广,dù
利,B,nr,B-Drug,刂,lì
拉,M,nr,I-Drug,扌,lā
鲁,E,nr,I-Drug,鱼,lǔ
肽,S,ng,I-Drug,月,tài
作,B,v,O,亻,zuò
用,E,v,O,用,yòng
离,B,n,O,亠,lí
体,E,n,O,亻,tǐ
肝,B,n,B-Anatomy,月,gān
脏,E,n,I-Anatomy,月,zàng
组,B,v,I-Anatomy,纟,zǔ
织,E,v,I-Anatomy,纟,zhī
",",S,x,O,UNK,UNK
sep,sep,sep,sep,sep,sep
LB,S,x,O,UNK,UNK
观,B,v,O,见,guān
察,E,v,O,宀,chá
利,B,nr,B-Drug,刂,lì
拉,M,nr,I-Drug,扌,lā
鲁,E,nr,I-Drug,鱼,lǔ
肽,S,ng,I-Drug,月,tài
对,S,p,O,寸,duì
SPACE,S,x,O,UNK,UNK
Z,B,eng,B-Test,UNK,UNK
B,M,eng,I-Test,UNK,UNK
E,M,eng,I-Test,UNK,UNK
D,M,eng,I-Test,UNK,UNK
NUM,E,eng,I-Test,UNK,UNK
SPACE,S,x,O,UNK,UNK
蛋,B,n,O,虫,dàn
白,E,n,O,白,bái
表,B,v,O,衣,biǎo
达,E,v,O,辶,dá
的,S,uj,O,白,dí
影,B,vn,O,彡,yǐng
响,E,vn,O,口,xiǎng
。,S,x,O,UNK,UNK
sep,sep,sep,sep,sep,sep
SPACE,S,x,O,UNK,UNK
结,B,n,O,纟,jié
果,M,n,O,木,guǒ
显,M,n,O,日,xiǎn
示,E,n,O,示,shì
LB,S,x,O,UNK,UNK
在,S,p,O,土,zài
SPACE,S,x,O,UNK,UNK
d,B,eng,O,UNK,UNK
b,E,eng,O,UNK,UNK
SPACE,S,x,O,UNK,UNK
/,S,x,O,UNK,UNK
SPACE,S,x,O,UNK,UNK
d,B,eng,O,UNK,UNK
b,E,eng,O,UNK,UNK
SPACE,S,x,O,UNK,UNK
小,B,n,O,小,xiǎo
鼠,E,n,O,鼠,shǔ
肝,B,n,B-Anatomy,月,gān
脏,E,n,I-Anatomy,月,zàng
组,B,v,I-Anatomy,纟,zǔ
织,E,v,I-Anatomy,纟,zhī
块,S,zg,O,土,kuài
SPACE,S,x,O,UNK,UNK
Z,B,eng,B-Test,UNK,UNK
B,M,eng,I-Test,UNK,UNK
E,M,eng,I-Test,UNK,UNK
D,M,eng,I-Test,UNK,UNK
NUM,E,eng,I-Test,UNK,UNK
SPACE,S,x,O,UNK,UNK
蛋,B,n,O,虫,dàn
白,E,n,O,白,bái
的,S,uj,O,白,dí
表,B,v,O,衣,biǎo
达,E,v,O,辶,dá
在,S,p,O,土,zài
SPACE,S,x,O,UNK,UNK
NUM,B,m,O,UNK,UNK
NUM,M,m,O,UNK,UNK
NUM,E,m,O,UNK,UNK
LB,S,x,O,UNK,UNK
n,B,eng,O,UNK,UNK
m,M,eng,O,UNK,UNK
o,M,eng,O,UNK,UNK
l,E,eng,O,UNK,UNK
SPACE,S,x,O,UNK,UNK
/,S,x,O,UNK,UNK
SPACE,S,x,O,UNK,UNK
L,S,x,O,UNK,UNK
SPACE,S,x,O,UNK,UNK
浓,B,n,O,氵,nóng
度,E,n,O,广,dù
的,S,uj,O,白,dí
利,B,nr,B-Drug,刂,lì
拉,M,nr,I-Drug,扌,lā
鲁,E,nr,I-Drug,鱼,lǔ
肽,S,ng,I-Drug,月,tài
处,B,v,O,夂,chǔ
理,E,v,O,王,lǐ
组,S,zg,O,纟,zǔ
显,B,a,O,日,xiǎn
著,E,a,O,艹,zhù
高,B,v,O,高,gāo
于,E,v,O,二,yú
SPACE,S,x,O,UNK,UNK
NUM,B,m,O,UNK,UNK
NUM,E,m,O,UNK,UNK
SPACE,S,x,O,UNK,UNK
n,B,eng,O,UNK,UNK
m,M,eng,O,UNK,UNK
o,M,eng,O,UNK,UNK
l,E,eng,O,UNK,UNK
SPACE,S,x,O,UNK,UNK
/,S,x,O,UNK,UNK
SPACE,S,x,O,UNK,UNK
L,S,x,O,UNK,UNK
SPACE,S,x,O,UNK,UNK
浓,S,a,O,氵,nóng
LB,S,x,O,UNK,UNK
度,S,q,O,广,dù
的,S,uj,O,白,dí
利,B,nr,B-Drug,刂,lì
拉,M,nr,I-Drug,扌,lā
鲁,E,nr,I-Drug,鱼,lǔ
肽,S,ng,I-Drug,月,tài
处,B,v,O,夂,chǔ
理,E,v,O,王,lǐ
组,S,zg,O,纟,zǔ
",",S,x,O,UNK,UNK
sep,sep,sep,sep,sep,sep
提,B,v,O,扌,tí
示,E,v,O,示,shì
利,B,nr,B-Drug,刂,lì
拉,M,nr,I-Drug,扌,lā
鲁,E,nr,I-Drug,鱼,lǔ
肽,S,ng,I-Drug,月,tài
与,S,p,O,一,yǔ
胰,B,n,B-Drug,月,yí
岛,M,n,I-Drug,山,dǎo
素,E,n,I-Drug,糸,sù
一,B,r,O,一,yī
样,E,r,O,木,yàng
能,S,v,O,月,néng
LB,S,x,O,UNK,UNK
够,S,zg,O,夕,gòu
促,B,v,O,亻,cù
进,E,v,O,辶,jìn
SPACE,S,x,O,UNK,UNK
Z,B,eng,B-Test,UNK,UNK
B,M,eng,I-Test,UNK,UNK
E,M,eng,I-Test,UNK,UNK
D,M,eng,I-Test,UNK,UNK
NUM,E,eng,I-Test,UNK,UNK
SPACE,S,x,O,UNK,UNK
的,S,uj,O,白,dí
表,B,v,O,衣,biǎo
达,E,v,O,辶,dá
",",S,x,O,UNK,UNK
sep,sep,sep,sep,sep,sep
且,S,c,O,一,qiě
有,S,v,O,月,yǒu
浓,B,n,O,氵,nóng
度,E,n,O,广,dù
依,B,n,O,亻,yī
赖,M,n,O,贝,lài
性,E,n,O,忄,xìng
。,S,x,O,UNK,UNK
sep,sep,sep,sep,sep,sep
SPACE,S,x,O,UNK,UNK
然,B,c,O,灬,rán
而,E,c,O,而,ér
SPACE,S,x,O,UNK,UNK
G,B,eng,B-Anatomy,UNK,UNK
L,M,eng,I-Anatomy,UNK,UNK
P,E,eng,I-Anatomy,UNK,UNK
-,S,x,I-Anatomy,UNK,UNK
NUM,S,x,I-Anatomy,UNK,UNK
LB,S,x,O,UNK,UNK
是,S,v,O,日,shì
通,B,p,O,辶,tōng
过,E,p,O,辶,guò
影,B,vn,O,彡,yǐng
响,E,vn,O,口,xiǎng
胰,B,n,B-Anatomy,月,yí
岛,M,n,I-Anatomy,山,dǎo
素,E,n,I-Anatomy,糸,sù
间,B,b,O,门,jiān
接,E,b,O,扌,jiē
发,B,n,O,又,fā
挥,M,n,O,扌,huī
作,M,n,O,亻,zuò
用,E,n,O,用,yòng
还,B,c,O,辶,huán
是,E,c,O,日,shì
通,B,p,O,辶,tōng
过,E,p,O,辶,guò
其,S,r,O,八,qí
特,B,n,O,牜,tè
异,M,n,O,廾,yì
性,E,n,O,忄,xìng
受,S,v,O,又,shòu
LB,S,x,O,UNK,UNK
体,S,n,O,亻,tǐ
直,B,ad,O,目,zhí
接,E,ad,O,扌,jiē
调,B,vn,O,讠,tiáo
节,E,vn,O,艹,jié
SPACE,S,x,O,UNK,UNK
Z,B,eng,B-Test,UNK,UNK
B,M,eng,I-Test,UNK,UNK
E,M,eng,I-Test,UNK,UNK
D,M,eng,I-Test,UNK,UNK
NUM,E,eng,I-Test,UNK,UNK
SPACE,S,x,O,UNK,UNK
的,S,uj,O,白,dí
表,B,v,O,衣,biǎo
达,E,v,O,辶,dá
尚,B,n,O,小,shàng
需,E,n,O,雨,xū
进,B,d,O,辶,jìn
一,M,d,O,一,yī
步,E,d,O,止,bù
研,B,vn,O,石,yán
究,E,vn,O,穴,jiū
。,S,x,O,UNK,UNK
sep,sep,sep,sep,sep,sep
LB,S,x,O,UNK,UNK
为,S,p,O,丶,wéi
进,B,d,O,辶,jìn
一,M,d,O,一,yī
步,E,d,O,止,bù
了,B,v,O,乙,liǎo
解,E,v,O,角,jiě
其,S,r,O,八,qí
在,S,p,O,土,zài
糖,S,n,O,米,táng
代,B,v,O,亻,dài
谢,E,v,O,讠,xiè
中,S,f,O,丨,zhōng
的,S,uj,O,白,dí
作,B,v,O,亻,zuò
用,E,v,O,用,yòng
",",S,x,O,UNK,UNK
sep,sep,sep,sep,sep,sep
本,S,r,O,木,běn
研,B,vn,O,石,yán
究,E,vn,O,穴,jiū
观,B,v,O,见,guān
察,E,v,O,宀,chá
LB,S,x,O,UNK,UNK
了,S,ul,O,乙,liǎo
不,B,a,O,一,bù
同,E,a,O,口,tóng
浓,B,n,O,氵,nóng
度,E,n,O,广,dù
高,B,n,O,高,gāo
糖,E,n,O,米,táng
及,S,c,O,又,jí
高,S,a,O,高,gāo
胰,B,n,B-Anatomy,月,yí
岛,M,n,I-Anatomy,山,dǎo
素,E,n,I-Anatomy,糸,sù
对,S,p,O,寸,duì
SPACE,S,x,O,UNK,UNK
Z,B,eng,B-Test,UNK,UNK
B,M,eng,I-Test,UNK,UNK
E,M,eng,I-Test,UNK,UNK
D,M,eng,I-Test,UNK,UNK
NUM,E,eng,I-Test,UNK,UNK
SPACE,S,x,O,UNK,UNK
表,B,v,O,衣,biǎo
达,E,v,O,辶,dá
的,S,uj,O,白,dí
影,B,vn,O,彡,yǐng
响,E,vn,O,口,xiǎng
。,S,x,O,UNK,UNK
sep,sep,sep,sep,sep,sep
LB,S,x,O,UNK,UNK
分,B,d,O,刀,fēn
别,E,d,O,刂,bié
以,S,p,O,人,yǐ
不,B,a,O,一,bù
同,E,a,O,口,tóng
浓,B,n,O,氵,nóng
度,E,n,O,广,dù
的,S,uj,O,白,dí
葡,B,n,O,艹,pú
萄,M,n,O,艹,táo
糖,E,n,O,米,táng
对,S,p,O,寸,duì
肝,B,n,B-Anatomy,月,gān
脏,E,n,I-Anatomy,月,zàng
组,B,v,I-Anatomy,纟,zǔ
织,E,v,I-Anatomy,纟,zhī
块,S,zg,O,土,kuài
进,B,v,O,辶,jìn
行,E,v,O,行,háng
处,B,v,O,夂,chǔ
理,E,v,O,王,lǐ
后,S,f,O,口,hòu
",",S,x,O,UNK,UNK
sep,sep,sep,sep,sep,sep
LB,S,x,O,UNK,UNK
d,B,eng,O,UNK,UNK
b,E,eng,O,UNK,UNK
SPACE,S,x,O,UNK,UNK
/,S,x,O,UNK,UNK
SPACE,S,x,O,UNK,UNK
d,B,eng,O,UNK,UNK
b,E,eng,O,UNK,UNK
SPACE,S,x,O,UNK,UNK
小,B,n,O,小,xiǎo
鼠,E,n,O,鼠,shǔ
肝,B,n,B-Anatomy,月,gān
脏,E,n,I-Anatomy,月,zàng
组,B,v,I-Anatomy,纟,zǔ
织,E,v,I-Anatomy,纟,zhī
SPACE,S,x,O,UNK,UNK
Z,B,eng,B-Test,UNK,UNK
B,M,eng,I-Test,UNK,UNK
E,M,eng,I-Test,UNK,UNK
D,M,eng,I-Test,UNK,UNK
NUM,E,eng,I-Test,UNK,UNK
SPACE,S,x,O,UNK,UNK
蛋,B,n,O,虫,dàn
白,E,n,O,白,bái
表,B,v,O,衣,biǎo
达,E,v,O,辶,dá
随,B,p,O,阝,suí
着,E,p,O,目,zhuó
葡,B,n,O,艹,pú
萄,M,n,O,艹,táo
糖,E,n,O,米,táng
浓,S,a,O,氵,nóng
LB,S,x,O,UNK,UNK
度,S,q,O,广,dù
的,S,uj,O,白,dí
升,B,v,O,十,shēng
高,E,v,O,高,gāo
而,S,c,O,而,ér
升,B,v,O,十,shēng
高,E,v,O,高,gāo
",",S,x,O,UNK,UNK
sep,sep,sep,sep,sep,sep
在,S,p,O,土,zài
SPACE,S,x,O,UNK,UNK
NUM,B,m,B-Amount,UNK,UNK
NUM,E,m,I-Amount,UNK,UNK
SPACE,S,x,I-Amount,UNK,UNK
m,B,eng,I-Amount,UNK,UNK
m,M,eng,I-Amount,UNK,UNK
o,M,eng,I-Amount,UNK,UNK
l,E,eng,I-Amount,UNK,UNK
SPACE,S,x,I-Amount,UNK,UNK
/,S,x,I-Amount,UNK,UNK
SPACE,S,x,I-Amount,UNK,UNK
L,S,x,I-Amount,UNK,UNK
SPACE,S,x,O,UNK,UNK
浓,B,n,O,氵,nóng
度,E,n,O,广,dù
时,S,n,O,日,shí
表,B,v,O,衣,biǎo
达,E,v,O,辶,dá
达,B,nr,O,辶,dá
峰,E,nr,O,山,fēng
",",S,x,O,UNK,UNK
sep,sep,sep,sep,sep,sep
但,B,c,O,亻,dàn
之,E,c,O,丶,zhī
LB,S,x,O,UNK,UNK
后,S,f,O,口,hòu
SPACE,S,x,O,UNK,UNK
Z,B,eng,B-Test,UNK,UNK
B,M,eng,I-Test,UNK,UNK
E,M,eng,I-Test,UNK,UNK
D,M,eng,I-Test,UNK,UNK
NUM,E,eng,I-Test,UNK,UNK
SPACE,S,x,O,UNK,UNK
的,S,uj,O,白,dí
表,B,v,O,衣,biǎo
达,E,v,O,辶,dá
随,B,p,O,阝,suí
着,E,p,O,目,zhuó
葡,B,n,B-Drug,艹,pú
萄,M,n,I-Drug,艹,táo
糖,E,n,I-Drug,米,táng
浓,B,n,O,氵,nóng
度,E,n,O,广,dù
的,S,uj,O,白,dí
上,B,v,O,一,shàng
升,E,v,O,十,shēng
而,S,c,O,而,ér
下,B,v,O,一,xià
降,E,v,O,阝,jiàng
。,S,x,O,UNK,UNK
sep,sep,sep,sep,sep,sep
SPACE,S,x,O,UNK,UNK
提,S,v,O,扌,tí
LB,S,x,O,UNK,UNK
示,S,v,O,示,shì
葡,B,n,O,艹,pú
萄,M,n,O,艹,táo
糖,E,n,O,米,táng
可,B,c,O,口,kě
以,E,c,O,人,yǐ
刺,B,v,O,刂,cì
激,E,v,O,氵,jī
SPACE,S,x,O,UNK,UNK
Z,B,eng,B-Test,UNK,UNK
B,M,eng,I-Test,UNK,UNK
E,M,eng,I-Test,UNK,UNK
D,M,eng,I-Test,UNK,UNK
NUM,E,eng,I-Test,UNK,UNK
SPACE,S,x,O,UNK,UNK
分,B,v,O,刀,fēn
泌,E,v,O,氵,mì
",",S,x,O,UNK,UNK
sep,sep,sep,sep,sep,sep
但,S,c,O,亻,dàn
超,B,v,O,走,chāo
过,E,v,O,辶,guò
一,B,d,O,一,yī
定,E,d,O,宀,dìng
阈,B,n,O,门,yù
值,E,n,O,亻,zhí
",",S,x,O,UNK,UNK
sep,sep,sep,sep,sep,sep
则,S,d,O,刂,zé
LB,S,x,O,UNK,UNK
会,S,v,O,人,huì
抑,B,v,O,扌,yì
制,E,v,O,刂,zhì
SPACE,S,x,O,UNK,UNK
Z,B,eng,B-Test,UNK,UNK
B,M,eng,I-Test,UNK,UNK
E,M,eng,I-Test,UNK,UNK
D,M,eng,I-Test,UNK,UNK
NUM,E,eng,I-Test,UNK,UNK
SPACE,S,x,O,UNK,UNK
的,S,uj,O,白,dí
释,B,v,O,采,shì
放,E,v,O,攵,fàng
。,S,x,O,UNK,UNK
sep,sep,sep,sep,sep,sep
SPACE,S,x,O,UNK,UNK
因,B,c,O,囗,yīn
此,E,c,O,止,cǐ
",",S,x,O,UNK,UNK
本,S,r,O,木,běn
研,B,vn,O,石,yán
究,E,vn,O,穴,jiū
推,B,v,O,扌,tuī
测,E,v,O,氵,cè
葡,B,n,O,艹,pú
萄,M,n,O,艹,táo
糖,E,n,O,米,táng
对,S,p,O,寸,duì
LB,S,x,O,UNK,UNK
Z,B,eng,B-Test,UNK,UNK
B,M,eng,I-Test,UNK,UNK
E,M,eng,I-Test,UNK,UNK
D,M,eng,I-Test,UNK,UNK
NUM,E,eng,I-Test,UNK,UNK
SPACE,S,x,O,UNK,UNK
的,S,uj,O,白,dí
调,B,vn,O,讠,tiáo
节,E,vn,O,艹,jié
可,B,v,O,口,kě
能,E,v,O,月,néng
就,S,d,O,尢,jiù
如,B,d,O,女,rú
同,E,d,O,口,tóng
葡,B,n,O,艹,pú
萄,M,n,O,艹,táo
糖,E,n,O,米,táng
对,S,p,O,寸,duì
胰,B,n,B-Anatomy,月,yí
岛,M,n,I-Anatomy,山,dǎo
素,E,n,I-Anatomy,糸,sù
释,B,v,O,采,shì
放,E,v,O,攵,fàng
的,S,uj,O,白,dí
调,S,vn,O,讠,tiáo
LB,S,x,O,UNK,UNK
节,S,t,O,艹,jié
一,B,r,O,一,yī
样,E,r,O,木,yàng
:,S,x,O,UNK,UNK
葡,B,n,O,艹,pú
萄,M,n,O,艹,táo
糖,E,n,O,米,táng
调,B,vn,O,讠,tiáo
节,E,vn,O,艹,jié
肝,B,n,B-Anatomy,月,gān
脏,E,n,I-Anatomy,月,zàng
SPACE,S,x,O,UNK,UNK
Z,B,eng,B-Test,UNK,UNK
B,M,eng,I-Test,UNK,UNK
E,M,eng,I-Test,UNK,UNK
D,M,eng,I-Test,UNK,UNK
NUM,E,eng,I-Test,UNK,UNK
SPACE,S,x,O,UNK,UNK
分,B,v,O,刀,fēn
泌,E,v,O,氵,mì
",",S,x,O,UNK,UNK
sep,sep,sep,sep,sep,sep
高,B,n,O,高,gāo
糖,E,n,O,米,táng
毒,B,n,O,母,dú
性,E,n,O,忄,xìng
会,S,v,O,人,huì
抑,S,v,O,扌,yì
LB,S,x,O,UNK,UNK
制,S,n,O,刂,zhì
SPACE,S,x,O,UNK,UNK
Z,B,eng,B-Test,UNK,UNK
B,M,eng,I-Test,UNK,UNK
E,M,eng,I-Test,UNK,UNK
D,M,eng,I-Test,UNK,UNK
NUM,E,eng,I-Test,UNK,UNK
SPACE,S,x,O,UNK,UNK
表,B,v,O,衣,biǎo
达,E,v,O,辶,dá
。,S,x,O,UNK,UNK
sep,sep,sep,sep,sep,sep
SPACE,S,x,O,UNK,UNK
本,S,r,O,木,běn
研,B,vn,O,石,yán
究,E,vn,O,穴,jiū
还,S,d,O,辶,huán
观,B,v,O,见,guān
察,E,v,O,宀,chá
到,S,v,O,刂,dào
",",S,x,O,UNK,UNK
sep,sep,sep,sep,sep,sep
C,B,eng,O,UNK,UNK
NUM,M,eng,O,UNK,UNK
NUM,M,eng,O,UNK,UNK
B,M,eng,O,UNK,UNK
L,E,eng,O,UNK,UNK
SPACE,S,x,O,UNK,UNK
/,S,x,O,UNK,UNK
SPACE,S,x,O,UNK,UNK
NUM,S,m,O,UNK,UNK
J,S,eng,O,UNK,UNK
SPACE,S,x,O,UNK,UNK
小,B,n,O,小,xiǎo
鼠,E,n,O,鼠,shǔ
和,S,c,O,口,hé
LB,S,x,O,UNK,UNK
d,B,eng,O,UNK,UNK
b,E,eng,O,UNK,UNK
SPACE,S,x,O,UNK,UNK
/,S,x,O,UNK,UNK
SPACE,S,x,O,UNK,UNK
d,B,eng,O,UNK,UNK
b,E,eng,O,UNK,UNK
SPACE,S,x,O,UNK,UNK
小,B,n,O,小,xiǎo
鼠,E,n,O,鼠,shǔ
肝,B,n,B-Anatomy,月,gān
脏,E,n,I-Anatomy,月,zàng
组,B,v,I-Anatomy,纟,zǔ
织,E,v,I-Anatomy,纟,zhī
块,S,q,O,土,kuài
在,S,p,O,土,zài
受,B,v,O,又,shòu
到,E,v,O,刂,dào
高,B,n,O,高,gāo
浓,M,n,O,氵,nóng
度,E,n,O,广,dù
葡,B,n,O,艹,pú
萄,M,n,O,艹,táo
糖,E,n,O,米,táng
刺,B,v,O,刂,cì
激,E,v,O,氵,jī
时,S,n,O,日,shí
",",S,x,O,UNK,UNK
sep,sep,sep,sep,sep,sep
LB,S,x,O,UNK,UNK
Z,B,eng,B-Test,UNK,UNK
B,M,eng,I-Test,UNK,UNK
E,M,eng,I-Test,UNK,UNK
D,M,eng,I-Test,UNK,UNK
NUM,E,eng,I-Test,UNK,UNK
SPACE,S,x,O,UNK,UNK
蛋,B,n,O,虫,dàn
白,E,n,O,白,bái
表,B,v,O,衣,biǎo
达,E,v,O,辶,dá
的,S,uj,O,白,dí
最,B,a,O,曰,zuì
大,E,a,O,大,dà
作,B,v,O,亻,zuò
用,E,v,O,用,yòng
浓,B,n,O,氵,nóng
度,E,n,O,广,dù
不,B,a,O,一,bù
同,E,a,O,口,tóng
—,S,x,O,UNK,UNK
—,S,x,O,UNK,UNK
—,S,x,O,UNK,UNK
d,B,eng,O,UNK,UNK
b,E,eng,O,UNK,UNK
SPACE,S,x,O,UNK,UNK
/,S,x,O,UNK,UNK
SPACE,S,x,O,UNK,UNK
d,B,eng,O,UNK,UNK
b,E,eng,O,UNK,UNK
SPACE,S,x,O,UNK,UNK
小,B,n,O,小,xiǎo
鼠,E,n,O,鼠,shǔ
LB,S,x,O,UNK,UNK
的,S,uj,O,白,dí
最,B,a,O,曰,zuì
大,E,a,O,大,dà
作,B,v,O,亻,zuò
用,E,v,O,用,yòng
浓,B,n,O,氵,nóng
度,E,n,O,广,dù
低,B,v,O,亻,dī
于,E,v,O,二,yú
SPACE,S,x,O,UNK,UNK
C,B,eng,O,UNK,UNK
NUM,M,eng,O,UNK,UNK
NUM,M,eng,O,UNK,UNK
B,M,eng,O,UNK,UNK
L,E,eng,O,UNK,UNK
SPACE,S,x,O,UNK,UNK
/,S,x,O,UNK,UNK
SPACE,S,x,O,UNK,UNK
NUM,S,m,O,UNK,UNK
J,S,eng,O,UNK,UNK
SPACE,S,x,O,UNK,UNK
小,B,n,O,小,xiǎo
鼠,E,n,O,鼠,shǔ
",",S,x,O,UNK,UNK
sep,sep,sep,sep,sep,sep
这,S,r,O,辶,zhè
可,B,v,O,口,kě
能,E,v,O,月,néng
与,S,p,O,一,yǔ
两,B,m,O,一,liǎng
种,E,m,O,禾,zhǒng
LB,S,x,O,UNK,UNK
小,B,n,O,小,xiǎo
鼠,E,n,O,鼠,shǔ
的,S,uj,O,白,dí
胰,B,n,B-Test,月,yí
岛,M,n,I-Test,山,dǎo
素,E,n,I-Test,糸,sù
敏,B,n,I-Test,攵,mǐn
感,M,n,I-Test,心,gǎn
性,E,n,I-Test,忄,xìng
不,B,a,O,一,bù
同,E,a,O,口,tóng
有,B,vn,O,月,yǒu
关,E,vn,O,丷,guān
。,S,x,O,UNK,UNK
sep,sep,sep,sep,sep,sep
SPACE,S,x,O,UNK,UNK
同,B,d,O,口,tóng
样,E,d,O,木,yàng
",",S,x,O,UNK,UNK
采,B,v,O,采,cǎi
用,E,v,O,用,yòng
不,B,a,O,一,bù
同,E,a,O,口,tóng
浓,B,n,O,氵,nóng
度,E,n,O,广,dù
LB,S,x,O,UNK,UNK
的,S,uj,O,白,dí
胰,B,n,B-Drug,月,yí
岛,M,n,I-Drug,山,dǎo
素,E,n,I-Drug,糸,sù
刺,B,v,O,刂,cì
激,E,v,O,氵,jī
肝,B,n,B-Anatomy,月,gān
脏,E,n,I-Anatomy,月,zàng
组,B,v,I-Anatomy,纟,zǔ
织,E,v,I-Anatomy,纟,zhī
块,S,q,O,土,kuài
后,S,f,O,口,hòu
",",S,x,O,UNK,UNK
sep,sep,sep,sep,sep,sep
SPACE,S,x,O,UNK,UNK
d,B,eng,O,UNK,UNK
b,E,eng,O,UNK,UNK
SPACE,S,x,O,UNK,UNK
/,S,x,O,UNK,UNK
SPACE,S,x,O,UNK,UNK
d,B,eng,O,UNK,UNK
b,E,eng,O,UNK,UNK
SPACE,S,x,O,UNK,UNK
小,B,n,O,小,xiǎo
鼠,E,n,O,鼠,shǔ
肝,B,n,B-Anatomy,月,gān
脏,E,n,I-Anatomy,月,zàng
组,B,v,I-Anatomy,纟,zǔ
织,E,v,I-Anatomy,纟,zhī
LB,S,x,O,UNK,UNK
Z,B,eng,B-Test,UNK,UNK
B,M,eng,I-Test,UNK,UNK
E,M,eng,I-Test,UNK,UNK
D,M,eng,I-Test,UNK,UNK
NUM,E,eng,I-Test,UNK,UNK
SPACE,S,x,O,UNK,UNK
蛋,B,n,O,虫,dàn
白,E,n,O,白,bái
表,B,v,O,衣,biǎo
达,E,v,O,辶,dá
随,S,v,O,阝,suí
胰,B,n,B-Test,月,yí
岛,M,n,I-Test,山,dǎo
素,E,n,I-Test,糸,sù
浓,B,n,O,氵,nóng
度,E,n,O,广,dù
的,S,uj,O,白,dí
升,B,v,O,十,shēng
高,E,v,O,高,gāo
而,S,c,O,而,ér
升,B,v,O,十,shēng
高,E,v,O,高,gāo
的,S,uj,O,白,dí
",",S,x,O,UNK,UNK
sep,sep,sep,sep,sep,sep
提,B,v,O,扌,tí
示,E,v,O,示,shì
LB,S,x,O,UNK,UNK
胰,B,n,B-Anatomy,月,yí
岛,M,n,I-Anatomy,山,dǎo
素,E,n,I-Anatomy,糸,sù
能,B,v,O,月,néng
够,E,v,O,夕,gòu
刺,B,v,O,刂,cì
激,E,v,O,氵,jī
SPACE,S,x,O,UNK,UNK
Z,B,eng,B-Test,UNK,UNK
B,M,eng,I-Test,UNK,UNK
E,M,eng,I-Test,UNK,UNK
D,M,eng,I-Test,UNK,UNK
NUM,E,eng,I-Test,UNK,UNK
SPACE,S,x,O,UNK,UNK
的,S,uj,O,白,dí
表,B,v,O,衣,biǎo
达,E,v,O,辶,dá
且,S,zg,O,一,qiě
SPACE,S,x,O,UNK,UNK
Z,B,eng,B-Test,UNK,UNK
B,M,eng,I-Test,UNK,UNK
E,M,eng,I-Test,UNK,UNK
D,M,eng,I-Test,UNK,UNK
NUM,E,eng,I-Test,UNK,UNK
SPACE,S,x,O,UNK,UNK
的,S,uj,O,白,dí
表,B,v,O,衣,biǎo
达,E,v,O,辶,dá
具,B,v,O,八,jù
有,E,v,O,月,yǒu
LB,S,x,O,UNK,UNK
明,B,a,O,日,míng
显,E,a,O,日,xiǎn
的,S,uj,O,白,dí
胰,B,n,B-Anatomy,月,yí
岛,M,n,I-Anatomy,山,dǎo
素,E,n,I-Anatomy,糸,sù
浓,B,n,O,氵,nóng
度,E,n,O,广,dù
依,B,n,O,亻,yī
赖,M,n,O,贝,lài
性,E,n,O,忄,xìng
。,S,x,O,UNK,UNK
sep,sep,sep,sep,sep,sep
LB,S,x,O,UNK,UNK
无,B,c,O,一,wú
论,E,c,O,讠,lùn
利,B,nr,B-Drug,刂,lì
拉,M,nr,I-Drug,扌,lā
鲁,E,nr,I-Drug,鱼,lǔ
肽,S,ng,I-Drug,月,tài
、,S,x,O,UNK,UNK
葡,B,n,B-Drug,艹,pú
萄,M,n,I-Drug,艹,táo
糖,E,n,I-Drug,米,táng
及,S,c,O,又,jí
胰,B,n,B-Drug,月,yí
岛,M,n,I-Drug,山,dǎo
素,E,n,I-Drug,糸,sù
均,S,d,O,土,jūn
能,S,v,O,月,néng
影,B,vn,O,彡,yǐng
响,E,vn,O,口,xiǎng
SPACE,S,x,O,UNK,UNK
d,B,eng,O,UNK,UNK
b,E,eng,O,UNK,UNK
SPACE,S,x,O,UNK,UNK
/,S,x,O,UNK,UNK
SPACE,S,x,O,UNK,UNK
d,B,eng,O,UNK,UNK
b,E,eng,O,UNK,UNK
LB,S,x,O,UNK,UNK
小,B,n,O,小,xiǎo
鼠,E,n,O,鼠,shǔ
肝,B,n,B-Anatomy,月,gān
脏,E,n,I-Anatomy,月,zàng
SPACE,S,x,O,UNK,UNK
Z,B,eng,B-Test,UNK,UNK
B,M,eng,I-Test,UNK,UNK
E,M,eng,I-Test,UNK,UNK
D,M,eng,I-Test,UNK,UNK
NUM,E,eng,I-Test,UNK,UNK
SPACE,S,x,O,UNK,UNK
的,S,uj,O,白,dí
表,B,v,O,衣,biǎo
达,E,v,O,辶,dá
;,S,x,O,UNK,UNK
sep,sep,sep,sep,sep,sep
而,S,c,O,而,ér
利,B,nr,B-Drug,刂,lì
拉,M,nr,I-Drug,扌,lā
鲁,E,nr,I-Drug,鱼,lǔ
肽,S,ng,I-Drug,月,tài
、,S,x,O,UNK,UNK
胰,B,n,B-Drug,月,yí
岛,M,n,I-Drug,山,dǎo
素,E,n,I-Drug,糸,sù
均,S,d,O,土,jūn
对,S,p,O,寸,duì
野,S,n,O,里,yě
LB,S,x,O,UNK,UNK
生,S,vn,O,生,shēng
对,B,p,O,寸,duì
照,E,p,O,灬,zhào
SPACE,S,x,O,UNK,UNK
C,B,eng,O,UNK,UNK
NUM,M,eng,O,UNK,UNK
NUM,M,eng,O,UNK,UNK
B,M,eng,O,UNK,UNK
L,E,eng,O,UNK,UNK
SPACE,S,x,O,UNK,UNK
/,S,x,O,UNK,UNK
SPACE,S,x,O,UNK,UNK
NUM,S,m,O,UNK,UNK
J,S,eng,O,UNK,UNK
SPACE,S,x,O,UNK,UNK
小,B,n,O,小,xiǎo
鼠,E,n,O,鼠,shǔ
SPACE,S,x,O,UNK,UNK
Z,B,eng,B-Test,UNK,UNK
B,M,eng,I-Test,UNK,UNK
E,M,eng,I-Test,UNK,UNK
D,M,eng,I-Test,UNK,UNK
NUM,E,eng,I-Test,UNK,UNK
SPACE,S,x,O,UNK,UNK
的,S,uj,O,白,dí
表,B,v,O,衣,biǎo
达,E,v,O,辶,dá
无,S,v,O,一,wú
影,B,vn,O,彡,yǐng
响,E,vn,O,口,xiǎng
",",S,x,O,UNK,UNK
sep,sep,sep,sep,sep,sep
仅,S,d,O,亻,jǐn
高,S,a,B-Drug,高,gāo
浓,S,a,I-Drug,氵,nóng
LB,S,x,I-Drug,UNK,UNK
度,S,zg,I-Drug,广,dù
葡,B,n,I-Drug,艹,pú
萄,M,n,I-Drug,艹,táo
糖,E,n,I-Drug,米,táng
刺,B,v,O,刂,cì
激,E,v,O,氵,jī
使,S,v,O,亻,shǐ
SPACE,S,x,O,UNK,UNK
Z,B,eng,B-Test,UNK,UNK
B,M,eng,I-Test,UNK,UNK
E,M,eng,I-Test,UNK,UNK
D,M,eng,I-Test,UNK,UNK
NUM,E,eng,I-Test,UNK,UNK
SPACE,S,x,O,UNK,UNK
表,B,v,O,衣,biǎo
达,E,v,O,辶,dá
上,B,v,O,一,shàng
升,E,v,O,十,shēng
。,S,x,O,UNK,UNK
sep,sep,sep,sep,sep,sep
SPACE,S,x,O,UNK,UNK
综,B,c,O,纟,zōng
上,M,c,O,一,shàng
所,M,c,O,户,suǒ
述,E,c,O,辶,shù
",",S,x,O,UNK,UNK
本,S,r,O,木,běn
研,B,vn,O,石,yán
究,E,vn,O,穴,jiū
LB,S,x,O,UNK,UNK
推,B,v,O,扌,tuī
测,E,v,O,氵,cè
SPACE,S,x,O,UNK,UNK
Z,B,eng,B-Test,UNK,UNK
B,M,eng,I-Test,UNK,UNK
E,M,eng,I-Test,UNK,UNK
D,M,eng,I-Test,UNK,UNK
NUM,E,eng,I-Test,UNK,UNK
SPACE,S,x,O,UNK,UNK
主,B,b,O,丶,zhǔ
要,E,b,O,覀,yào
在,S,p,O,土,zài
机,B,n,O,木,jī
体,E,n,O,亻,tǐ
糖,S,zg,O,米,táng
代,B,v,O,亻,dài
谢,E,v,O,讠,xiè
失,B,v,O,大,shī
调,E,v,O,讠,tiáo
时,S,n,O,日,shí
或,B,c,O,戈,huò
者,E,c,O,耂,zhě
受,B,v,O,又,shòu
到,E,v,O,刂,dào
较,S,d,O,车,jiào
高,S,a,O,高,gāo
LB,S,x,O,UNK,UNK
浓,B,n,O,氵,nóng
度,E,n,O,广,dù
葡,B,n,O,艹,pú
萄,M,n,O,艹,táo
糖,E,n,O,米,táng
刺,B,v,O,刂,cì
激,E,v,O,氵,jī
时,S,n,O,日,shí
发,B,v,O,又,fā
挥,E,v,O,扌,huī
代,B,vn,O,亻,dài
偿,E,vn,O,亻,cháng
作,B,v,O,亻,zuò
用,E,v,O,用,yòng
。,S,x,O,UNK,UNK
sep,sep,sep,sep,sep,sep
LB,S,x,O,UNK,UNK
总,B,c,O,心,zǒng
之,E,c,O,丶,zhī
",",S,x,O,UNK,UNK
本,S,r,O,木,běn
研,B,vn,O,石,yán
究,E,vn,O,穴,jiū
提,B,v,O,扌,tí
示,E,v,O,示,shì
SPACE,S,x,O,UNK,UNK
Z,B,eng,B-Test,UNK,UNK
B,M,eng,I-Test,UNK,UNK
E,M,eng,I-Test,UNK,UNK
D,M,eng,I-Test,UNK,UNK
NUM,E,eng,I-Test,UNK,UNK
SPACE,S,x,O,UNK,UNK
与,S,p,O,一,yǔ
糖,S,n,O,米,táng
代,B,v,O,亻,dài
谢,E,v,O,讠,xiè
关,B,nr,O,丷,guān
系,M,nr,O,糸,xì
密,M,nr,O,宀,mì
切,E,nr,O,刀,qiē
",",S,x,O,UNK,UNK
sep,sep,sep,sep,sep,sep
LB,S,x,O,UNK,UNK
Z,B,eng,B-Test,UNK,UNK
B,M,eng,I-Test,UNK,UNK
E,M,eng,I-Test,UNK,UNK
D,M,eng,I-Test,UNK,UNK
NUM,E,eng,I-Test,UNK,UNK
SPACE,S,x,O,UNK,UNK
表,B,v,O,衣,biǎo
达,E,v,O,辶,dá
升,B,v,O,十,shēng
高,E,v,O,高,gāo
可,B,v,O,口,kě
能,E,v,O,月,néng
是,S,v,O,日,shì
针,B,p,O,钅,zhēn
对,E,p,O,寸,duì
高,B,n,O,高,gāo
血,M,n,B-Test,血,xiě
糖,E,n,I-Test,米,táng
的,S,uj,O,白,dí
一,B,m,O,一,yī
种,E,m,O,禾,zhǒng
代,B,vn,O,亻,dài
偿,E,vn,O,亻,cháng
LB,S,x,O,UNK,UNK
和,S,c,O,口,hé
保,B,v,O,亻,bǎo
护,E,v,O,扌,hù
机,B,n,O,木,jī
制,E,n,O,刂,zhì
",",S,x,O,UNK,UNK
sep,sep,sep,sep,sep,sep
起,S,v,O,走,qǐ
着,S,uz,O,目,zhuó
阻,B,v,O,阝,zǔ
止,E,v,O,止,zhǐ
SPACE,S,x,O,UNK,UNK
NUM,S,x,B-Disease,UNK,UNK
SPACE,S,x,I-Disease,UNK,UNK
型,S,k,I-Disease,土,xíng
糖,B,n,I-Disease,米,táng
尿,M,n,I-Disease,尸,niào
病,E,n,I-Disease,疒,bìng
发,B,v,O,又,fā
生,E,v,O,生,shēng
发,B,vn,O,又,fā
展,E,vn,O,尸,zhǎn
的,S,uj,O,白,dí
作,B,v,O,亻,zuò
用,E,v,O,用,yòng
。,S,x,O,UNK,UNK
sep,sep,sep,sep,sep,sep
LB,S,x,O,UNK,UNK
Z,B,eng,B-Test,UNK,UNK
B,M,eng,I-Test,UNK,UNK
E,M,eng,I-Test,UNK,UNK
D,M,eng,I-Test,UNK,UNK
NUM,E,eng,I-Test,UNK,UNK
SPACE,S,x,O,UNK,UNK
因,S,p,O,囗,yīn
其,S,r,O,八,qí
特,B,a,O,牜,tè
殊,E,a,O,歹,shū
结,B,n,O,纟,jié
构,E,n,O,木,gòu
与,S,p,O,一,yǔ
SPACE,S,x,O,UNK,UNK
A,B,eng,B-Anatomy,UNK,UNK
x,M,eng,I-Anatomy,UNK,UNK
i,M,eng,I-Anatomy,UNK,UNK
n,E,eng,I-Anatomy,UNK,UNK
SPACE,S,x,O,UNK,UNK
等,S,u,O,竹,děng
结,B,v,O,纟,jié
合,E,v,O,口,hé
形,B,v,O,彡,xíng
成,E,v,O,戈,chéng
降,B,v,O,阝,jiàng
解,E,v,O,角,jiě
复,S,v,O,夂,fù
LB,S,x,O,UNK,UNK
合,B,n,O,口,hé
物,E,n,O,牜,wù
",",S,x,O,UNK,UNK
sep,sep,sep,sep,sep,sep
使,B,v,O,亻,shǐ
得,E,v,O,彳,dé
SPACE,S,x,O,UNK,UNK
β,S,x,B-Anatomy,UNK,UNK
-,S,x,I-Anatomy,UNK,UNK
C,B,eng,I-Anatomy,UNK,UNK
a,M,eng,I-Anatomy,UNK,UNK
t,M,eng,I-Anatomy,UNK,UNK
e,M,eng,I-Anatomy,UNK,UNK
n,M,eng,I-Anatomy,UNK,UNK
i,M,eng,I-Anatomy,UNK,UNK
n,E,eng,I-Anatomy,UNK,UNK
SPACE,S,x,O,UNK,UNK
不,B,v,O,一,bù
能,E,v,O,月,néng
被,S,p,O,衤,bèi
依,B,d,O,亻,yī
次,E,d,O,欠,cì
磷,B,nz,O,石,lín
酸,M,nz,O,酉,suān
化,E,nz,O,亻,huà
",",S,x,O,UNK,UNK
sep,sep,sep,sep,sep,sep
SPACE,S,x,O,UNK,UNK
而,B,c,O,而,ér
使,E,c,O,亻,shǐ
下,S,v,O,一,xià
LB,S,x,O,UNK,UNK
游,S,v,O,氵,yóu
β,S,x,B-Anatomy,UNK,UNK
-,S,x,I-Anatomy,UNK,UNK
C,B,eng,I-Anatomy,UNK,UNK
a,M,eng,I-Anatomy,UNK,UNK
t,M,eng,I-Anatomy,UNK,UNK
e,M,eng,I-Anatomy,UNK,UNK
n,M,eng,I-Anatomy,UNK,UNK
i,M,eng,I-Anatomy,UNK,UNK
n,E,eng,I-Anatomy,UNK,UNK
SPACE,S,x,O,UNK,UNK
浓,B,n,O,氵,nóng
度,E,n,O,广,dù
上,B,v,O,一,shàng
升,E,v,O,十,shēng
",",S,x,O,UNK,UNK
sep,sep,sep,sep,sep,sep
进,B,c,O,辶,jìn
而,E,c,O,而,ér
进,B,v,O,辶,jìn
入,E,v,O,入,rù
细,B,n,O,纟,xì
胞,M,n,O,月,bāo
核,E,n,O,木,hé
以,S,p,O,人,yǐ
发,B,n,O,又,fā
挥,M,n,O,扌,huī
作,M,n,O,亻,zuò
用,E,n,O,用,yòng
",",S,x,O,UNK,UNK
sep,sep,sep,sep,sep,sep
LB,S,x,O,UNK,UNK
而,S,c,O,而,ér
高,B,n,O,高,gāo
糖,E,n,O,米,táng
、,S,x,O,UNK,UNK
高,S,a,O,高,gāo
胰,B,n,B-Anatomy,月,yí
岛,M,n,I-Anatomy,山,dǎo
素,E,n,I-Anatomy,糸,sù
情,B,n,O,忄,qíng
况,E,n,O,冫,kuàng
下,S,f,O,一,xià
",",S,x,O,UNK,UNK
sep,sep,sep,sep,sep,sep
机,B,n,O,木,jī
体,E,n,O,亻,tǐ
表,B,v,O,衣,biǎo
达,E,v,O,辶,dá
更,B,d,O,曰,gēng
多,E,d,O,夕,duō
的,S,uj,O,白,dí
SPACE,S,x,O,UNK,UNK
Z,B,eng,B-Test,UNK,UNK
B,M,eng,I-Test,UNK,UNK
E,M,eng,I-Test,UNK,UNK
D,M,eng,I-Test,UNK,UNK
NUM,E,eng,I-Test,UNK,UNK
SPACE,S,x,O,UNK,UNK
以,S,p,O,人,yǐ
LB,S,x,O,UNK,UNK
代,B,vn,O,亻,dài
偿,E,vn,O,亻,cháng
",",S,x,O,UNK,UNK
sep,sep,sep,sep,sep,sep
但,B,c,O,亻,dàn
其,E,c,O,八,qí
具,B,a,O,八,jù
体,E,a,O,亻,tǐ
的,S,uj,O,白,dí
作,B,v,O,亻,zuò
用,E,v,O,用,yòng
机,B,n,O,木,jī
制,E,n,O,刂,zhì
目,B,t,O,目,mù
前,E,t,O,刂,qián
尚,S,d,O,小,shàng
不,S,d,O,一,bù
明,B,ad,O,日,míng
确,E,ad,O,石,què
",",S,x,O,UNK,UNK
sep,sep,sep,sep,sep,sep
需,B,v,O,雨,xū
要,E,v,O,覀,yào
进,B,d,O,辶,jìn
一,M,d,O,一,yī
步,E,d,O,止,bù
LB,S,x,O,UNK,UNK
的,S,uj,O,白,dí
研,B,vn,O,石,yán
究,E,vn,O,穴,jiū
证,B,n,O,讠,zhèng
实,E,n,O,宀,shí
。,S,x,O,UNK,UNK
sep,sep,sep,sep,sep,sep
LB,S,x,O,UNK,UNK
